0 -140.758113
1 -135.103095
2 -129.972483
3 -125.430644
4 -121.543599
5 -117.761108
6 -113.067229
7 -109.090412
8 -105.911462
9 -103.603849
10 -102.226597
11 -101.817469
12 -102.388069
13 -103.922261
14 -106.378363
15 -109.694466
16 -103.7079
17 -94.208962
18 -84.825282
19 -75.599792
20 -66.598262
21 -57.925198
22 -49.752673
23 -42.371317
24 -36.267458
25 -32.176521
26 -30.908389
27 -32.792202
28 -37.354096
29 -43.764466
30 -51.335451
31 -59.626576
32 -67.76047
33 -67.463465
34 -68.637868
35 -71.210918
36 -75.038874
37 -79.941669
38 -85.735105
39 -92.251537
40 -99.348799
41 -106.91128
42 -114.672798
43 -122.247633
44 -116.1857
45 -110.696658
46 -105.869652
47 -101.798902
48 -98.578139
49 -91.800115
50 -81.996779
51 -72.24737
52 -62.577097
53 -53.029272
54 -43.684258
55 -34.706268
56 -26.471412
57 -19.923511
58 -17.121827
59 -19.7324
60 -26.183549
61 -34.377157
62 -43.335892
63 -52.670772
64 -62.212707
65 -71.879284
66 -63.610596
67 -54.853335
68 -46.599022
69 -39.166942
70 -33.115401
71 -29.312288
72 -28.666892
73 -31.374689
74 -36.700839
75 -43.698192
76 -51.69248
77 -60.288415
78 -69.262352
79 -78.484736
80 -87.877382
81 -97.39104
82 -106.993435
83 -116.662657
84 -126.38337
85 -136.144543
86 -145.938059
87 -155.757817
88 -163.629343
89 -162.187082
90 -161.352835
91 -161.136045
92 -161.539199
93 -162.557684
94 -164.180049
95 -166.38863
96 -169.160468
97 -172.468408
98 -176.282272
99 -180.570006
100 -178.432177
101 -170.506161
102 -162.808661
103 -155.373644
104 -148.240609
105 -141.455249
106 -135.069969
107 -129.144127
108 -123.743746
109 -118.940421
110 -114.809115
111 -111.424602
112 -108.856562
113 -107.163708
114 -103.434397
115 -100.227237
116 -97.940409
117 -96.639268
118 -96.363753
119 -97.12259
120 -98.891971
121 -101.619125
122 -105.229612
123 -109.147618
124 -112.574368
125 -116.759472
126 -121.624669
127 -127.09188
128 -133.086934
129 -139.541814
130 -146.395709
131 -153.595213
132 -148.292968
133 -142.020942
134 -136.195049
135 -130.874883
136 -126.124457
137 -122.010336
138 -118.598759
139 -115.951754
140 -114.122534
141 -113.150768
142 -113.058568
143 -113.848072
144 -111.161348
145 -102.39638
146 -93.878602
147 -85.681767
148 -77.907242
149 -70.694495
150 -64.233052
151 -58.771236
152 -54.609811
153 -52.061547
154 -51.36709
155 -52.599917
156 -55.632046
157 -60.192173
158 -65.964165
159 -72.659784
160 -80.047595
161 -87.953344
162 -87.072265
163 -84.58866
164 -83.240034
165 -83.081678
166 -84.120313
167 -86.31274
168 -89.574276
169 -93.793459
170 -98.847736
171 -104.61614
172 -110.987381
173 -117.863737
174 -125.161985
175 -132.812592
176 -46.371066
177 -41.069268
178 -35.156177
179 -23.941288
180 -18.978728
181 -12.726399
182 -1.511511
183 0.0
184 3.111812
185 9.703378
186 20.918267
187 25.202353
188 32.133155
189 23.087335
190 19.142486
191 11.872447
192 0.657558
193 0.0
194 -2.948054
195 -5.319242
196 -15.88227
197 -19.099073
198 -26.97677
199 -34.026482
200 -31.099343
201 -22.811593
202 -11.596704
203 -9.008803
204 -0.381816
205 0.0
206 10.833073
207 13.081737
208 22.047962
209 17.143996
210 15.234568
211 5.929107
212 0.0
213 -5.285782
214 -6.855972
215 -16.50067
216 -27.715559
217 -28.946512
218 -38.930448
219 -33.242912
220 -32.351196
221 -22.028024
222 -10.813135
223 -10.260655
224 0.0
225 0.401754
226 11.616643
227 11.829885
228 17.123275
229 6.034381
230 5.908387
231 0.0
232 -5.306502
233 -16.05616
234 -16.521391
235 -27.73628
236 -38.1467
237 -38.951168
238 -50.166057
239 -60.23724
240 -61.380946
241 -72.595834
242 -82.327781
243 -83.810723
244 -95.025612
245 -104.418321
246 -100.292389
247 -96.552751
248 -86.384346
249 -76.215942
250 -66.891103
251 -66.047538
252 -55.879134
253 -45.71073
254 -35.542326
255 -25.373922
256 -15.205518
257 -11.716305
258 -5.037114
259 0.0
260 5.13129
261 11.918488
262 16.775627
263 16.99695
264 9.174959
265 6.828546
266 0.0
267 -3.339858
268 -13.508262
269 -23.676666
270 -33.84507
271 -44.013474
272 -45.999839
273 -54.181878
274 -64.350282
275 -74.518686
276 -84.68709
277 -92.817357
278 -96.771611
279 -99.3003
280 -106.361789
281 -113.894265
282 -121.810386
283 -122.336587
284 -116.356511
285 -116.086664
286 -110.98751
287 -106.3222
288 -102.456751
289 -99.484443
290 -97.487003
291 -96.899603
292 -96.524971
293 -96.629277
294 -97.796509
295 -99.98945
296 -103.142697
297 -106.730826
298 -99.36304
299 -92.207973
300 -82.165076
301 -72.122179
302 -62.079282
303 -52.036385
304 -41.993488
305 -31.950591
306 -21.907694
307 -11.864797
308 -1.8219
309 0.0
310 8.220997
311 8.946199
312 13.63165
313 3.588753
314 0.0
315 -6.454144
316 -16.497041
317 -26.028112
318 -21.322941
319 -11.280044
320 -1.237147
321 0.0
322 8.80575
323 13.561392
324 4.95592
325 3.518495
326 0.0
327 -6.524402
328 -14.704069
329 -4.661173
330 0.0
331 5.381724
332 15.424621
333 6.847604
334 0.0
335 -3.195293
336 -13.23819
337 -13.037892
338 -2.994995
339 0.0
340 3.44785
341 7.047902
342 11.714731
343 1.671834
344 0.0
345 -8.371063
346 -18.41396
347 -28.456857
348 -38.499754
349 -48.542651
350 -58.585548
351 -68.628445
352 -78.671342
353 -82.95156
354 -88.714239
355 -122.617103
356 -121.692851
357 -110.711292
358 -103.266496
359 -98.805482
360 -86.899671
361 -84.840141
362 -74.993861
363 -66.413785
364 -63.08805
365 -51.182239
366 -47.98743
367 -39.276429
368 -29.561075
369 -27.370618
370 -15.464808
371 -11.13472
372 -3.558997
373 0.0
374 7.291636
375 8.346813
376 9.988931
377 8.564238
378 10.903048
379 20.529755
380 20.602591
381 11.802511
382 5.201865
383 0.0
384 -0.103299
385 -12.00911
386 -13.22449
387 -23.91492
388 -25.796897
389 -21.627012
390 -9.721201
391 -7.370542
392 0.0
393 2.18461
394 11.055813
395 14.09042
396 25.996231
397 29.482168
398 37.902041
399 47.908524
400 49.807852
401 61.713662
402 66.334879
403 73.619473
404 84.761234
405 85.525283
406 94.378517
407 97.646494
408 101.382473
409 109.23829
410 109.49499
411 98.674431
412 91.782657
413 86.76862
414 74.86281
415 73.356301
416 62.956999
417 54.929946
418 51.051189
419 39.145378
420 36.503591
421 27.239568
422 18.077236
423 15.333757
424 3.427947
425 0.0
426 -0.34912
427 -8.477864
428 -18.775475
429 -118.956354
430 -110.878216
431 -107.882443
432 -103.257154
433 -96.201856
434 -89.761128
435 -87.970912
436 -82.25776
437 -75.500427
438 -69.706427
439 -69.308366
440 -65.133352
441 -62.051732
442 -60.729729
443 -60.689188
444 -61.160721
445 -61.125428
446 -59.359234
447 -59.03719
448 -58.814605
449 -60.478277
450 -62.376873
451 -63.881001
452 -68.7651
453 -74.84111
454 -77.960965
455 -81.844002
456 -89.556607
457 -97.811182
458 -100.422269
459 -105.214626
460 -107.590342
461 -110.93215
462 -111.51738
463 -115.155975
464 -113.194695
465 -103.115378
466 -103.087355
467 -93.089542
468 -83.24073
469 -75.09727
470 -73.600758
471 -64.263678
472 -55.382896
473 -49.659854
474 -47.216589
475 -40.202532
476 -35.03965
477 -33.350929
478 -32.619116
479 -33.540016
480 -91.444625
481 -83.094008
482 -71.711267
483 -70.510984
484 -60.328526
485 -49.577343
486 -48.945786
487 -37.563045
488 -28.643702
489 -26.180304
490 -14.797563
491 -7.710062
492 -3.414822
493 0.0
494 7.967919
495 13.223579
496 16.131193
497 5.623444
498 3.682355
499 7.884441
500 1.008504
501 0.0
502 -0.583475
503 -10.374237
504 -21.517116
505 -21.756978
506 -20.343815
507 -12.826095
508 -11.515528
509 -10.51083
510 -15.395095
511 -18.64085
512 -15.662489
513 -10.015132
514 -4.279748
515 0.0
516 7.102993
517 10.918509
518 18.485734
519 29.868474
520 31.85215
521 41.251215
522 52.633956
523 52.78579
524 64.016697
525 73.719431
526 75.399438
527 86.782179
528 91.200388
529 93.066787
530 99.728044
531 98.118021
532 92.774333
533 81.391592
534 77.18438
535 70.008851
536 58.62611
537 56.250739
538 47.243369
539 35.860629
540 35.317098
541 24.477888
542 14.383457
543 13.095147
544 1.712406
545 0.0
546 -6.550183
547 -9.670335
548 -21.053075
549 -27.483824
550 -55.612835
551 -44.263277
552 -44.174643
553 -32.913719
554 -23.030567
555 -21.564161
556 -10.214602
557 -1.886491
558 0.0
559 1.134956
560 12.484514
561 19.257584
562 23.834072
563 35.18363
564 36.784538
565 30.65301
566 19.303452
567 15.640463
568 7.953893
569 0.0
570 -3.395665
571 -5.503613
572 -5.548374
573 -14.937318
574 -15.462033
575 -25.943928
576 -36.163915
577 -37.157453
578 -48.43439
579 -56.130352
580 -54.060201
581 -45.474283
582 -40.712102
583 -38.35284
584 -33.639193
585 -32.534258
586 -98.07618563040359
587 -94.50677792122825
588 -91.78512696998435
589 -89.28657578814739
590 -86.88142303647358
591 -84.55299169097574
592 -82.41513913626976
593 -80.64954548208857
594 -79.75381124532356
595 -86.17556070467805
596 -60.986882837174335
597 -57.66408263677388
598 -55.945449779747186
599 -54.635254187398274
600 -53.133676286454154
601 -50.96891268150081
602 -48.22343644200574
603 -45.21437229303643
604 -42.272599293844486
605 -39.64180921807514
606 -36.92162647176605
607 -43.76348393232998
608 -34.64740941553974
609 -31.49779393352391
610 -29.665364031280706
611 -28.880037239371354
612 -29.33369967028716
613 -30.808290147803135
614 -33.05802676422509
615 -35.86846728026918
616 -38.98940624332877
617 -42.10258580364026
618 -44.944141551537655
619 -47.735172962917964
620 -50.66286010032574
621 -53.79951130092705
622 -57.1619145636257
623 -60.73869932312267
624 -64.50437115286424
625 -68.43312784539009
626 -72.55848652088915
627 -77.39679896238002
628 -93.08456732485199
629 -88.60487886349354
630 -85.5153128186239
631 -82.90096854722891
632 -80.51283036704311
633 -78.2945161077067
634 -76.28873496090283
635 -74.63001328590259
636 -73.63773908281124
637 -75.75036411183365
638 -54.40444730540521
639 -50.987555226205316
640 -48.94127484642905
641 -47.32278328051749
642 -45.700887234375934
643 -43.84376240140526
644 -41.71085856098369
645 -39.38703220070952
646 -36.98074270588947
647 -34.51784267052952
648 -31.955948147951613
649 -29.245618283967676
650 -25.709593199216137
651 -24.805457365525456
652 -24.985155511846347
653 -23.618367642555324
654 -24.409105354600094
655 -25.913328597227654
656 -28.07686553650244
657 -30.76982750466074
658 -33.79175879443915
659 -36.92760795623295
660 -40.046677398251866
661 -43.16052184159557
662 -46.336251102126504
663 -49.63101197314486
664 -53.08470514318729
665 -56.7267428343958
666 -60.590645927126964
667 -64.73220502882434
668 -69.29676418682388
669 -75.09891919104852
670 -88.87690826514577
671 -84.09388813968478
672 -80.68036372589656
673 -77.85132643290372
674 -75.34149901137076
675 -73.06207372027028
676 -71.01300215583193
677 -69.26310172285757
678 -67.9774265568173
679 -68.03794370821687
680 -49.0572655198736
681 -45.72768195030508
682 -43.68667640249888
683 -42.055171484815155
684 -40.50297413488761
685 -38.86193417444303
686 -37.069568997551606
687 -35.130378134432554
688 -33.06682367251877
689 -30.875767565432852
690 -28.514922838781327
691 -25.870030567459946
692 -22.769780762822688
693 -19.110498635274023
694 -13.927141511959436
695 -9.838845175044296
696 -17.4435863742575
697 -19.084028387061338
698 -21.89184687671117
699 -25.038604782446306
700 -28.55887162973024
701 -32.129643097065305
702 -35.63823664643245
703 -39.1055989671176
704 -42.588095950661376
705 -46.15141668376496
706 -49.87083484618382
707 -53.827930797035584
708 -58.124829184229895
709 -63.01778972289275
710 -68.49343048519358
711 -75.77404640467999
712 -84.88187033160574
713 -80.0555844688794
714 -76.42458890837962
715 -73.3749195477437
716 -70.68382647784874
717 -68.2581347175155
718 -66.06941810792691
719 -64.13098272584871
720 -62.49268506379687
721 -61.3075019551423
722 -44.106296886014256
723 -41.05556785493428
724 -39.19506806451925
725 -37.7011008237981
726 -36.30408480947328
727 -34.86973997374054
728 -33.33526557706281
729 -31.679819031524765
730 -29.897691585118835
731 -27.975576359070857
732 -25.87841303922145
733 -23.541110472552127
734 -20.875462280689128
735 -17.748798185136376
736 -13.940958495326374
737 -9.718776530148027
738 -3.3314107212439126
739 -4.733826662949179
740 -13.160335655436292
741 -17.51675373170582
742 -22.675900723945414
743 -27.125569825914837
744 -31.233204245658378
745 -35.154273080399236
746 -39.01219275645656
747 -42.91489150777273
748 -47.00440083501111
749 -51.50895812003026
750 -56.462101540061155
751 -62.79083823760165
752 -78.49030994435905
753 -76.58308122194582
754 -81.10890499137273
755 -76.29237593671293
756 -72.47224851642018
757 -69.19181706130236
758 -66.28167373278778
759 -63.65836310805831
760 -61.275330517980315
761 -59.10218858661677
762 -57.09884972315032
763 -55.043239292235455
764 -39.245581962563556
765 -36.66924380844922
766 -35.11966246440251
767 -33.86147298887822
768 -32.677269697657174
769 -31.46047890922225
770 -30.158197063996568
771 -28.747550676520714
772 -27.218386098895454
773 -25.55939459702402
774 -23.7487868616653
775 -21.750333940484538
776 -19.514735862809104
777 -16.983453939728278
778 -14.114700668116015
779 -10.88314960183993
780 -7.012691079653173
781 -2.6359257647061134
782 6.803394771042691
783 -4.428223013583005
784 -15.697716755941183
785 -21.468517558546708
786 -26.583390369043013
787 -31.086082928101053
788 -35.37574712233578
789 -39.66515173480338
790 -44.068914491477315
791 -49.399547912724536
792 -60.11853311180702
793 -63.28444196232895
794 -67.39878635898354
795 -71.58406080616045
796 -77.84224754672442
797 -72.8363168896811
798 -68.74088539994437
799 -65.1683954571981
800 -61.99020410297871
801 -59.12956739965541
802 -56.52091638105025
803 -54.09696286013507
804 -51.74543113325107
805 -49.0374258078471
806 -34.3323798671392
807 -32.42622979839713
808 -31.298183015449375
809 -30.352942740605744
810 -29.42692523250997
811 -28.44259729564276
812 -27.36432595742824
813 -26.179295053739335
814 -24.884939521375703
815 -23.479461126492566
816 -21.95515699931006
817 -20.29505006637513
818 -18.473315567065654
819 -16.460218116120664
820 -14.230625224032678
821 -11.75951176644885
822 -9.016827377855067
823 -5.988195050118704
824 -2.6447711476545686
825 -0.3544203431260272
826 4.171784904682237
827 -14.180613834887339
828 -21.204587926804802
829 -26.633754558640995
830 -31.22055404881585
831 -35.873614674003306
832 -40.509825799811935
833 -50.7573860192223
834 -55.56052685339693
835 -59.444951781453504
836 -63.224948671601034
837 -67.5420696077525
838 -75.8461321627832
839 -69.80101793923205
840 -65.24396555231408
841 -61.19604033956856
842 -57.68183151412077
843 -54.5485919462917
844 -51.69885858616122
845 -49.031126475447905
846 -46.36929703917097
847 -43.16557874704495
848 -29.251089356513223
849 -28.252144527652423
850 -27.651316571117164
851 -27.087990906109617
852 -26.456994263154005
853 -25.716132592448243
854 -24.854783298869513
855 -23.87849814209709
856 -22.799974430034965
857 -21.63229764432548
858 -20.383336856630592
859 -19.0514841818403
860 -17.623510577902245
861 -16.075550331640837
862 -14.377327019315567
863 -12.499130047207787
864 -10.42858582965941
865 -8.206058995161486
866 -6.003418141853476
867 -4.151778038267272
868 -2.8289132001404473
869 -2.655894369711245
870 -3.779064701743876
871 -21.164594264495953
872 -19.26788349815694
873 -38.51211893942533
874 -44.39182364263726
875 -49.093113614968175
876 -53.10271909249739
877 -56.54180323562621
878 -59.837555045681924
879 -63.60590539997186
880 -61.7309522743189
881 -65.76448386265227
882 -61.82039184487152
883 -56.999464030876425
884 -53.183336514916476
885 -49.732006015314425
886 -46.654249637948375
887 -43.78046465181992
888 -40.87070496794527
889 -37.29135304153875
890 -23.817934111323908
891 -24.097808081544624
892 -24.150382446535794
893 -24.036868247523845
894 -23.72694749605327
895 -23.230055110965477
896 -22.570345290181592
897 -21.77859559304552
898 -20.88882067777705
899 -19.934322878735113
900 -18.94244519061519
901 -17.928284752424094
902 -16.888224539076937
903 -15.795199493599883
904 -14.598509820967285
905 -13.230419566258348
906 -11.623969879324804
907 -9.759363886130961
908 -7.702000463735
909 -5.553671198970308
910 -3.582158148794841
911 -2.1790618743390278
912 5.7444967188554745
913 -0.5202123468215919
914 -12.433829954069882
915 -37.695239264167256
916 -43.475671237772744
917 -47.834936165068704
918 -51.29864819003903
919 -54.096807832890946
920 -56.72596420507955
921 -59.6825030963252
922 -57.692522709603125
923 -53.2972234754021
924 -49.127541652291
925 -50.003093079840134
926 -48.042245206513165
927 -44.20949727373538
928 -41.11495899470791
929 -38.10683188438018
930 -35.10415303349003
931 -31.186407603588872
932 -17.577314912617247
933 -19.916367242425412
934 -20.82330259263476
935 -21.21807364428265
936 -21.233860779576393
937 -20.963787917747695
938 -20.475441671591682
939 -19.829380562601884
940 -19.08619862589279
941 -18.305916515470255
942 -17.542978266996258
943 -16.837344990603246
944 -16.201741557297137
945 -15.606598996264903
946 -14.969313347262721
947 -14.155472884119806
948 -12.963730600386954
949 -11.191556597396833
950 -8.811342967563464
951 -5.519188562067505
952 10.107841433626325
953 5.693969133496203
954 3.511750557416693
955 0.9802266311750272
956 -2.3953606586423875
957 -7.506052510129524
958 -38.867758107903306
959 -47.36016980175173
960 -50.29940012752323
961 -52.03369060456324
962 -53.73015655951929
963 -55.76991859355545
964 -55.31665009092098
965 -50.1843544061152
966 -45.7438262119281
967 -41.35758074321637
968 -36.1554883279126
969 -33.976961864738996
970 -34.444086277153986
971 -31.2874839595229
972 -28.8694373540975
973 -24.79673734297087
974 -8.448774921310868
975 -15.833450947892802
976 -17.80464526400436
977 -18.692204654642147
978 -18.999731363099347
979 -18.917090345786068
980 -18.549882131013007
981 -17.988732347795388
982 -17.325825310095965
983 -16.656270055501285
984 -16.074153847902643
985 -15.661905410083204
986 -15.472021652626648
987 -15.49506891520531
988 -15.613792606652508
989 -15.63113317930946
990 -15.203354024563406
991 -13.397086926730047
992 -10.547841319179637
993 2.824785333158831
994 5.038167148374521
995 5.260813719438567
996 4.322024825204507
997 2.614205820334294
998 0.13672053994775957
999 -3.410900545319419
1000 -8.072298617726272
1001 -15.192291197183927
1002 -52.001909199618424
1003 -50.013407896684015
1004 -50.52411333418962
1005 -51.79490537663897
1006 -53.7339648894573
1007 -48.2774378593506
1008 -43.67155585380609
1009 -39.20205662543683
1010 -34.47602976428994
1011 -29.353338352469443
1012 -22.38985676950608
1013 -19.24690525733647
1014 -21.430288443410927
1015 -19.339755647304276
1016 6.5523077997250985
1017 -12.66379670303524
1018 -15.30079376003833
1019 -16.519612449661302
1020 -17.0556832757901
1021 -17.10558638444937
1022 -16.78574446639427
1023 -16.217070443812798
1024 -15.52990475105605
1025 -14.864258003917579
1026 -14.372759818851492
1027 -14.208521683212153
1028 -14.51547297586741
1029 -15.408643432072928
1030 -16.800217995980802
1031 -18.413004851977387
1032 -27.960401610216927
1033 -2.4986458465278134
1034 1.84843887645985
1035 4.358445380607691
1036 5.8278319922599575
1037 6.247857728829583
1038 5.797378537151174
1039 4.638705465033657
1040 2.8266232852010424
1041 0.3435657359991691
1042 -2.8097460665284775
1043 -6.8056012847648395
1044 -10.846610468651694
1045 -15.842449638749073
1046 -45.218177790546996
1047 -47.444779874796595
1048 -52.60399487354536
1049 -46.89796995248294
1050 -42.195023256216906
1051 -37.8037651221217
1052 -33.411326615973486
1053 -28.768019024690282
1054 -23.505697460705267
1055 -17.573292826852107
1056 -9.383049517466755
1057 -11.287975148058369
1058 -3.286340760940337
1059 -10.772003343749185
1060 -13.254996864639
1061 -14.677847649740905
1062 -15.439334335015378
1063 -15.569238628316583
1064 -15.190183434418767
1065 -14.472664794472388
1066 -13.594440110536134
1067 -12.74328801237212
1068 -12.161134685521622
1069 -12.118181125706602
1070 -12.890278985171339
1071 -14.995437968859349
1072 -23.735133858106806
1073 -4.721730320897152
1074 -1.0426902379455345
1075 2.168138797816166
1076 4.7956065874154445
1077 6.571864437941995
1078 7.668261862725815
1079 8.098128518806815
1080 7.894628400975914
1081 7.111933729110663
1082 5.793361920574406
1083 3.974425345115022
1084 1.7077822751242258
1085 -0.8973814792046833
1086 -3.584618925796942
1087 -6.38057547926285
1088 -8.904174340617953
1089 -13.755524428403474
1090 -51.701973487106635
1091 -45.75113960987437
1092 -40.99363814583779
1093 -36.70419385542117
1094 -32.59047726533285
1095 -28.48322555228473
1096 -24.290950862649797
1097 -20.042069080424614
1098 -15.735843513932576
1099 -11.921648611606622
1100 -3.869975227538991
1101 -7.996339132079221
1102 -11.022167471474102
1103 -13.039260343765976
1104 -14.265399206858591
1105 -14.405374962697609
1106 -13.792813344101184
1107 -12.701848586708712
1108 -11.354161524294163
1109 -9.95584143489145
1110 -8.750250300533304
1111 -8.567193986952953
1112 -8.082638069046832
1113 1.0258118526541156
1114 1.215583885007835
1115 2.4931067664753015
1116 4.312904996359842
1117 6.175588862572284
1118 7.885781058709137
1119 9.23117319048217
1120 10.14196619506356
1121 10.584459039221054
1122 10.546173959772307
1123 10.03548730320566
1124 9.073573013477807
1125 7.693755031065738
1126 5.950073292331518
1127 3.928625700117725
1128 1.7353117976121457
1129 -0.5610288393222594
1130 -2.967048239221592
1131 -5.988610997053333
1132 -50.775247006627026
1133 -44.61610478604553
1134 -39.84823189199315
1135 -35.670668140747324
1136 -31.8013523727922
1137 -28.118186764890336
1138 -24.58887315918176
1139 -21.251923943057772
1140 -18.191413015907976
1141 -15.429491295405716
1142 -12.274788260304677
1143 -6.144213209748154
1144 -2.3578737864558383
1145 -12.008452596299685
1146 -13.996652145235922
1147 -13.813423564073268
1148 -12.647185176905666
1149 -10.819451672596248
1150 -8.37368385798262
1151 -5.7362916839180444
1152 4.754620411221761
1153 7.346991142710011
1154 5.863713481853176
1155 5.806940104979042
1156 6.226473510295476
1157 7.121472632576503
1158 8.388678086012222
1159 9.780983238811071
1160 11.117214594932518
1161 12.255477925316193
1162 13.102970290770608
1163 13.60094197199475
1164 13.712979366549526
1165 13.421586103494896
1166 12.72568907638527
1167 11.63917007545527
1168 10.190008505492912
1169 8.414883295737106
1170 6.344571947960719
1171 3.957547842540735
1172 1.2216449651173784
1173 -2.2593631177428244
1174 -49.4697937969568
1175 -43.30661883838455
1176 -38.60493758778606
1177 -34.544226098568885
1178 -30.86466052144471
1179 -27.473582111205406
1180 -24.362461580308125
1181 -21.58026648669171
1182 -19.221015637932048
1183 -17.42965109483229
1184 -16.53128956019273
1185 -10.379855530844408
1186 -10.14463438147887
1187 -12.264573058906679
1188 -20.886867727666626
1189 -14.006633451538917
1190 -11.817418885145297
1191 -8.728781407052498
1192 0.9635192044322358
1193 9.564090609733903
1194 9.039362868989961
1195 8.686295699698396
1196 8.608078380568816
1197 9.016822184249639
1198 9.77388572909525
1199 10.78773897022045
1200 11.985386900804189
1201 13.258935200941677
1202 14.498481314898061
1203 15.606594409138443
1204 16.50217349890435
1205 17.11922206136984
1206 17.40556555027585
1207 17.32373712181006
1208 16.85152587032458
1209 15.979532147823681
1210 14.70660592480408
1211 13.01830276326411
1212 10.876731067386338
1213 8.134940579549168
1214 3.6641274527159
1215 2.459467167415906
1216 -47.5507677356586
1217 -41.72939356659468
1218 -37.17796710496738
1219 -33.22554171429976
1220 -29.66510748937476
1221 -26.435812642533143
1222 -23.551496597753527
1223 -21.07754363032712
1224 -19.12747132352999
1225 -17.907607871709764
1226 -18.216439332218826
1227 -13.566251737014314
1228 -12.961671924366563
1229 -14.436671483722911
1230 -16.241823094052723
1231 -16.146554062592884
1232 -11.513548388505212
1233 2.623778485141436
1234 5.091759847559433
1235 7.023425416874679
1236 8.370741549150685
1237 9.472995116762839
1238 10.519752332957651
1239 11.625119226054766
1240 12.81876028440932
1241 14.091847115675144
1242 15.421821863206302
1243 16.769210947465822
1244 18.081735090439434
1245 19.298941165919498
1246 20.353986070411715
1247 21.17632380148722
1248 21.69814077946622
1249 21.862697644203955
1250 21.629643674133117
1251 20.975268259807283
1252 19.868003821771303
1253 18.365325428116208
1254 16.103296736135448
1255 15.64718915145112
1256 9.440312849477687
1257 4.1835726791375
1258 -45.30147689693794
1259 -39.93000180181172
1260 -35.55298724142272
1261 -31.668292624533365
1262 -28.133754599690374
1263 -24.92351023184226
1264 -22.077570663818562
1265 -19.683931931240235
1266 -17.867458955018446
1267 -16.788580519816936
1268 -16.81452427024935
1269 -14.265707276914823
1270 -14.485245682858904
1271 -16.67620640888581
1272 -23.971838390327235
1273 -6.402741959206239
1274 -2.134315922972787
1275 -2.0292237403517603
1276 -2.0792462454374028
1277 4.761426093960745
1278 7.521848800539668
1279 10.042308556068303
1280 12.170769767618266
1281 14.033231749055242
1282 15.735979057666057
1283 17.345651511502826
1284 18.906022434544276
1285 20.437453600122026
1286 21.94003295388273
1287 23.389276903206635
1288 24.73090603053164
1289 25.884028012531523
1290 26.757772040174757
1291 27.2792461722043
1292 27.39187625310216
1293 27.16566055989802
1294 26.344119489429936
1295 28.6506105570156
1296 23.17542691699596
1297 16.469849642564903
1298 10.387993848626586
1299 3.9520650241657296
1300 -42.99269743564352
1301 -38.0197067454162
1302 -33.76717913244967
1303 -29.866283651257646
1304 -26.230215166676533
1305 -22.86089981052775
1306 -19.82708702706998
1307 -17.254067985872513
1308 -15.304217823293168
1309 -14.107032905736217
1310 -13.47674148854349
1311 -12.404394977289897
1312 -15.403530499739071
1313 -6.306539705962344
1314 -4.109216768481622
1315 -1.8651835915744372
1316 0.2379801330931204
1317 1.196023727298992
1318 1.534198122232388
1319 0.248737121682709
1320 5.1226590569084784
1321 10.410399452358163
1322 13.858890908135326
1323 16.57654302673195
1324 18.822621417733295
1325 20.79066191644172
1326 22.617094197065303
1327 24.386225770930537
1328 26.163805779696375
1329 27.973584504337953
1330 29.777192955545658
1331 31.47183296472409
1332 32.930210943448806
1333 34.07738776903807
1334 35.019129486216066
1335 35.87726888031874
1336 40.6645001804675
1337 29.97646112695386
1338 23.092302851569528
1339 16.543331888471076
1340 10.039349775745862
1341 2.661420096413553
1342 -40.80688910222748
1343 -36.118212238549
1344 -31.887311285672613
1345 -27.839668041651706
1346 -23.92874875322203
1347 -20.14929776069524
1348 -16.57390568817162
1349 -13.43654515718082
1350 -10.786079130460507
1351 -9.600666131928868
1352 -5.974158865367191
1353 -0.3877036152003916
1354 -0.8648943637397389
1355 -0.8919319440127218
1356 -0.10500758214165345
1357 1.0900982669166042
1358 2.435649707649434
1359 3.6361020179920547
1360 4.748688612807326
1361 5.921826348109312
1362 7.635857546127672
1363 10.54948634197199
1364 16.128843331739564
1365 19.80237015866074
1366 22.44739503915867
1367 24.719172681316135
1368 26.77311607894386
1369 28.76306671813724
1370 30.86774748102851
1371 33.19636925656512
1372 35.76466134872437
1373 38.41170734683376
1374 41.13172238186668
1375 43.23668509517436
1376 58.73410239962821
1377 44.58171920655292
1378 36.43302885792104
1379 29.227484900908077
1380 22.565470199483304
1381 16.021806823918052
1382 9.1090515231267
1383 0.8365335435960227
1384 -38.896815283806994
1385 -34.353091740949004
1386 -30.008162730271444
1387 -25.621177758472555
1388 -21.194127021222737
1389 -16.65544716389324
1390 -11.593768422589116
1391 -7.208679832410966
1392 1.6579659689258914
1393 0.220114856461818
1394 -2.56174023137214
1395 3.8009753043532495
1396 1.8576426823820091
1397 1.707085785012233
1398 2.185343135019942
1399 3.069536586073357
1400 4.19258410067836
1401 5.4488521377158845
1402 6.85393954180942
1403 8.534785072433108
1404 10.737547203511445
1405 13.749427347152244
1406 17.91062261645801
1407 26.2632635340499
1408 27.3850671324294
1409 29.81799258209724
1410 31.753337582268173
1411 33.812466803512706
1412 36.22210835723806
1413 39.27908550017592
1414 43.27167376226532
1415 48.01786756943869
1416 54.44739601844781
1417 62.77969140965711
1418 49.943056596791166
1419 42.07035616625278
1420 34.91383173350477
1421 28.30953822707187
1422 21.861149367624353
1423 15.244059963358554
1424 7.961194955195373
1425 -1.147813733863754
1426 -37.41034642213521
1427 -32.88031123194187
1428 -28.285856425626754
1429 -23.259288036641163
1430 -17.72450697926616
1431 -12.385623997427608
1432 -0.07697371669104777
1433 3.2941505711358112
1434 -1.515170979276822
1435 -3.1575889871179688
1436 -3.4036545624951153
1437 7.742525995770567
1438 3.1999916749524537
1439 3.1218756683091238
1440 3.6016310312232456
1441 4.417698117421428
1442 5.48011777268498
1443 6.754957261795134
1444 8.267798642187014
1445 10.103477096356368
1446 12.395225581328914
1447 15.302177976902758
1448 19.004633072179487
1449 23.57321258145748
1450 29.28878970233875
1451 51.39511392584389
1452 38.44988519894457
1453 40.31076395623297
1454 42.54376992184295
1455 46.80904034626675
1456 52.834134414294425
1457 100.37872485443911
1458 63.19839878432819
1459 54.67279057649743
1460 46.97553276219142
1461 40.121455701889474
1462 33.67953831686543
1463 27.416085324470018
1464 21.106734222457035
1465 14.446408499534723
1466 6.893637775769319
1467 -2.9282689931091332
1468 -36.512445721853865
1469 -31.92219994358441
1470 -26.956354128187456
1471 -21.218958819645234
1472 -10.17358519112862
1473 -5.385130898911278
1474 -5.232748179763541
1475 -5.005289738409701
1476 -5.549848099622712
1477 -5.690123260834023
1478 -4.96837941983146
1479 2.2295886798310347
1480 3.3333168556840067
1481 3.7857336094682026
1482 4.445343937116871
1483 5.297358496171992
1484 6.346818541678143
1485 7.613141387270745
1486 9.139048198800536
1487 10.993807853033985
1488 13.267614483791714
1489 16.059594177947265
1490 19.460807422637473
1491 23.545670714498343
1492 28.49112662060902
1493 34.36898028985107
1494 41.88681909643546
1495 60.5466850518157
1496 50.549634332383725
1497 59.01775329260496
1498 72.69895286331456
1499 65.03136354014097
1500 58.24121674855438
1501 51.40273373269419
1502 44.94167387587362
1503 38.719823392882994
1504 32.65137978496363
1505 26.61143675732553
1506 20.422990514911103
1507 13.796137727310912
1508 6.167244848700407
1509 -4.002394852930682
1510 -36.47214838189776
1511 -31.999656881475534
1512 -25.95318122153562
1513 -17.327463437141333
1514 -13.58913128803589
1515 -11.499263552572009
1516 -10.176132943320871
1517 -9.171470544348793
1518 -8.514136404568273
1519 -7.885978001859614
1520 -7.092033073612063
1521 -6.46987239219767
1522 2.924691559719935
1523 4.0561715417702615
1524 4.93020561771151
1525 5.826637299412114
1526 6.851283158265988
1527 8.068798707948373
1528 9.541415625718907
1529 11.340678082051628
1530 13.54714023270937
1531 16.244077107542005
1532 19.508990324248575
1533 23.415022855838732
1534 28.046391952776055
1535 33.529931872473995
1536 40.270591853454235
1537 48.19470125217468
1538 72.39732754915634
1539 76.48223742404883
1540 68.09441994549391
1541 62.68825655133332
1542 56.26183545917417
1543 49.9580362609342
1544 43.79093705031188
1545 37.7704719460379
1546 31.851388528283202
1547 25.93479236459247
1548 19.863239356452357
1549 13.365933832521739
1550 5.916031061171166
1551 -3.866008249395903
1552 -38.761261430824504
1553 -31.01179001709468
1554 -25.05810175514279
1555 -21.0652119998236
1556 -17.8448085669801
1557 -15.402004342504105
1558 -13.56108195416901
1559 -12.078154407636616
1560 -10.837830909541548
1561 -9.732731259102199
1562 -8.808898855147694
1563 -9.588134132715949
1564 2.6882755389921327
1565 4.26737638491671
1566 5.225529202430776
1567 6.097389557014525
1568 7.042979622108979
1569 8.152005073958046
1570 9.503874890614153
1571 11.183642448583836
1572 13.284442887922028
1573 15.905754928259384
1574 19.146921632523227
1575 23.107181758747345
1576 27.977457574332938
1577 33.82362021496945
1578 44.10954075449333
1579 36.686112454310596
1580 36.543956908892746
1581 38.68017299814439
1582 48.34308270792507
1583 68.79843833763717
1584 57.201478967431584
1585 50.23077026009177
1586 43.4878134474578
1587 37.26325845617195
1588 31.267566150525955
1589 25.36712567535881
1590 19.398635430950556
1591 13.107968792192692
1592 6.031808439352607
1593 -2.9853138517319007
1594 -36.90468918760754
1595 -31.938083868622787
1596 -27.618571149598147
1597 -23.983861811233105
1598 -20.93579684954791
1599 -18.386435499549346
1600 -16.24177817466703
1601 -14.385713172316423
1602 -12.720046571217319
1603 -11.153809635293921
1604 -9.583349091311488
1605 -7.520084490135383
1606 3.3211771074110006
1607 4.607530338312955
1608 5.42634282712015
1609 6.166432839213785
1610 6.952915481132378
1611 7.871508949159796
1612 9.015439334092296
1613 10.493172634915407
1614 12.429496807984053
1615 14.973769742473738
1616 18.30575442378859
1617 22.57545672603593
1618 28.147076004761374
1619 34.007333232121916
1620 24.511043086378894
1621 24.90543813068697
1622 25.731858176480763
1623 27.434404720906123
1624 30.35106027416907
1625 33.10120248308289
1626 43.590939412161106
1627 53.108001169457566
1628 44.02560346085674
1629 37.249971234498226
1630 30.83674510470643
1631 24.825239241264153
1632 18.917506798842084
1633 12.870449638166447
1634 6.269307052640516
1635 -1.8741026897113802
1636 -39.000937455373986
1637 -34.10284541660676
1638 -30.112032669112644
1639 -26.64619950318629
1640 -23.60502166841054
1641 -20.919693614374726
1642 -18.52460242440604
1643 -16.349953789007213
1644 -14.318171677797046
1645 -12.315792982513443
1646 -10.085511945731898
1647 -6.454812884114721
1648 4.567633698539251
1649 5.030214048609017
1650 5.537058247743126
1651 6.0562344447009675
1652 6.594624336278932
1653 7.211324748890926
1654 8.01739438673509
1655 9.160511832489007
1656 10.80800658801592
1657 13.2217787107037
1658 16.694912111507698
1659 22.7690354767865
1660 15.092465860332043
1661 15.478432967947823
1662 15.870396867283448
1663 16.51002996127971
1664 17.376132171847352
1665 18.513612106593907
1666 19.904551038220532
1667 21.39332238811207
1668 23.251968704998006
1669 24.33143794983793
1670 36.53547853656001
1671 37.84685000477655
1672 30.44778542262231
1673 24.196929526005484
1674 18.219334767277104
1675 12.418502925688987
1676 6.344363575105926
1677 -0.8993205776829197
1678 -41.909399766853
1679 -36.79631026808344
1680 -32.76843407578344
1681 -29.27101255903787
1682 -26.12677270197362
1683 -23.251981751575514
1684 -20.595912822701962
1685 -18.117145178087487
1686 -15.761120591039377
1687 -13.420984716554807
1688 -10.825163201312279
1689 -6.572473023495799
1690 5.750456480596871
1691 5.257143710988197
1692 5.504159839819578
1693 5.781429644334054
1694 5.980004523926836
1695 6.128468142151329
1696 6.364902114517729
1697 6.944459870693207
1698 7.959115333893639
1699 9.923826714465891
1700 6.429506378159972
1701 6.339727210511066
1702 7.4934201447199
1703 8.240543370600026
1704 8.888461303128853
1705 9.492039498514506
1706 10.13868427393606
1707 10.86069251757863
1708 11.640095539839669
1709 12.418789965326285
1710 13.113589652315751
1711 13.65865618837962
1712 14.32164870345159
1713 14.240188661670986
1714 30.27969924587367
1715 23.1736871658441
1716 16.949968113887753
1717 11.408670307321014
1718 5.908955741399
1719 -0.40137357152478215
1720 -45.262556582039615
1721 -39.84819787555254
1722 -35.66747711118088
1723 -32.02604048572754
1724 -28.688065148100673
1725 -25.55183323472134
1726 -22.58348339141711
1727 -19.77673737005734
1728 -17.113137326260674
1729 -14.52445173554228
1730 -11.810488646855388
1731 -8.210831421852587
1732 4.838954164818823
1733 5.033259495391542
1734 5.332739332011312
1735 5.4038572889021195
1736 5.15159638657894
1737 4.559326110424593
1738 3.6337100112763787
1739 3.186234506489033
1740 -0.14538194363756976
1741 -2.219692006977754
1742 -0.37277242841183217
1743 0.828465070388551
1744 1.6987406963537206
1745 2.301106557849037
1746 2.7561878530581727
1747 3.145962168583381
1748 3.5281796548831403
1749 3.928872299348841
1750 4.340495896917596
1751 4.727166823516234
1752 5.034646126235516
1753 5.215979647945103
1754 5.2108362379074675
1755 4.9977408680634605
1756 4.674877759274349
1757 3.706761673730881
1758 14.11599265969436
1759 9.01689330572989
1760 4.383051300688613
1761 -0.7946447245173386
1762 -49.05022828131798
1763 -43.36631796705668
1764 -38.98172776848357
1765 -35.11399305524758
1766 -31.48855800238267
1767 -27.978274564622307
1768 -24.588025539212367
1769 -21.375228526352853
1770 -18.370156268581145
1771 -15.56111197359639
1772 -12.87116644135388
1773 -9.928215401146375
1774 2.9111420530045073
1775 4.6374698736291
1776 5.204659215507339
1777 5.090406097067824
1778 4.214585370527209
1779 2.4390112928065606
1780 -1.2442184714423297
1781 -12.119689624700877
1782 -7.239443703621146
1783 -5.503997188156988
1784 -4.4329961706244925
1785 -3.7708308829293733
1786 -3.359886953050743
1787 -3.115512761296153
1788 -2.9692061527083675
1789 -2.8631458496547126
1790 -2.756459065737077
1791 -2.6289148320467164
1792 -2.4817274867825665
1793 -2.335025080199173
1794 -2.222536687032751
1795 -2.1847961391622803
1796 -2.267866709413946
1797 -2.51275281523845
1798 -2.990579992801917
1799 -3.724429870320052
1800 -4.732859385903157
1801 -5.923781082838561
1802 -1.2427997754390585
1803 -2.9256072283263395
1804 -53.7914831544725
1805 -47.87862162290716
1806 -43.14415813245414
1807 -38.90398571002224
1808 -34.86346096828832
1809 -30.750507432355704
1810 -26.709262655556532
1811 -22.932419301583497
1812 -19.477974662733747
1813 -16.371857182957683
1814 -13.66789283356898
1815 -11.614755973392203
1816 0.6351863249495356
1817 4.570989597905182
1818 5.465495369393928
1819 5.153746441126571
1820 3.522864595359595
1821 -6.415749631806863
1822 -9.721598370417823
1823 -9.605922060874441
1824 -8.90586097789337
1825 -8.396803724377321
1826 -8.146152902057715
1827 -8.093240671826052
1828 -8.179731892431645
1829 -8.353698889908786
1830 -8.56658174295776
1831 -8.775675979278208
1832 -8.950061615264138
1833 -9.073272984750416
1834 -9.142094020371895
1835 -9.165164781018369
1836 -9.162985649425549
1837 -9.164054753323553
1838 -9.201826979708752
1839 -9.322156076035624
1840 -9.57617494698109
1841 -9.996709841270112
1842 -10.68002831667209
1843 -11.788140601639244
1844 -13.67790730299697
1845 -17.33805560136341
1846 -64.70101316071069
1847 -56.273880677086176
1848 -49.66548403954694
1849 -44.329351708998736
1850 -39.748251458090195
1851 -34.265497964568596
1852 -29.080569312518247
1853 -24.48177203132492
1854 -20.375373772303202
1855 -16.759690582681504
1856 -13.694789693038834
1857 -11.377169217218476
1858 -0.5887610365222395
1859 5.2676603408591065
1860 6.716060016555143
1861 6.461211047574063
1862 -2.9695876197991997
1863 -7.024836260735258
1864 -9.052806646216514
1865 -10.210634306450116
1866 -10.890013604824318
1867 -11.396022866465566
1868 -11.893295228382392
1869 -12.439575955744877
1870 -13.037385530955493
1871 -13.658561605127028
1872 -14.261737197236355
1873 -14.80845552510851
1874 -15.273412872176898
1875 -15.644851790254785
1876 -15.916138318350196
1877 -16.08185524123112
1878 -16.15320527884812
1879 -16.153911644591258
1880 -16.092089504512387
1881 -16.018887977364038
1882 -16.02914132976128
1883 -16.084573516178107
1884 -16.29479344143042
1885 -17.080148288838465
1886 -18.242436462271524
1887 -20.324408666907768
1888 -85.00793358398893
1889 -80.72057244391505
1890 -76.2119375077573
1891 -71.34997712884244
1892 -62.55577626822366
1893 -41.20641057901586
1894 -32.57247317561849
1895 -26.33848974227288
1896 -21.106530737962903
1897 -16.578359594580032
1898 -12.769568903167045
1899 -9.376407202182277
1900 1.066601876308675
1901 6.582338265205455
1902 20.034236160074823
1903 -0.9836406102042311
1904 -4.552116055167043
1905 -7.543721400845851
1906 -9.987710942422051
1907 -11.927843602719236
1908 -13.481128991014549
1909 -14.764969150334856
1910 -15.912938203299015
1911 -17.030976178345114
1912 -18.154113439099824
1913 -19.257147773864126
1914 -20.286808568481
1915 -21.19847535671588
1916 -21.973091749622295
1917 -22.613891997833715
1918 -23.1188349507426
1919 -23.442142606017423
1920 -23.58055692259763
1921 -23.62153758258167
1922 -23.467682604134524
1923 -23.105234637760475
1924 -23.04867078012634
1925 -22.896141629999935
1926 -22.42051767857956
1927 -24.3993062858932
1928 -51.57404836650546
1929 -59.58974585092202
1930 -84.70838835775247
1931 -79.02952461129826
1932 -74.03507788388306
1933 -69.0421839481402
1934 -63.996153216861366
1935 -58.39273301939378
1936 -52.10070137193026
1937 -45.08587371869813
1938 -36.670401093779304
1939 -22.902365084755957
1940 -9.475283543461089
1941 -5.880685555491432
1942 3.0725048228815783
1943 2.810364144774017
1944 0.7744155950945757
1945 -2.105104147872873
1946 -5.485462994180396
1947 -8.775056592362239
1948 -11.794860123753322
1949 -14.499595614851374
1950 -16.84446318843435
1951 -18.75916197500441
1952 -20.44002168093185
1953 -22.099822697453874
1954 -23.78217158896871
1955 -25.432715064146425
1956 -26.945995577222913
1957 -28.262618047133152
1958 -29.381038787468768
1959 -30.343448580617675
1960 -31.23018525948155
1961 -31.84728438019239
1962 -32.011318405036626
1963 -32.379399371459314
1964 -32.6457455331343
1965 -31.720021630550157
1966 -33.536648439017284
1967 -59.58997864247613
1968 -65.13037242999414
1969 -65.12105080388774
1970 -65.3670891834148
1971 -66.035722602724
1972 -85.19884062006342
1973 -79.19102470217456
1974 -74.04240805732589
1975 -69.08570077233311
1976 -64.063242026922
1977 -58.73052802713994
1978 -52.92620822071401
1979 -46.576736343371685
1980 -39.51533558927698
1981 -31.50887816706821
1982 -22.415724520000932
1983 -3.003132775951426
1984 -8.137023905917724
1985 -13.252948615546673
1986 -8.096268502614286
1987 3.1083110816850406
1988 -5.379510307739802
1989 -10.476469923269175
1990 -14.486391720516648
1991 -18.16942896603024
1992 -21.62504323629046
1993 -23.87976094152345
1994 -25.870174086654895
1995 -28.048038052876336
1996 -30.347572498144675
1997 -32.682243900253084
1998 -34.7582060093772
1999 -36.524884214226894
2000 -38.08714025158082
2001 -39.42121134975048
2002 -41.19263352896296
2003 -43.13290600134308
2004 -43.03046204199687
2005 -45.94580736422894
2006 -77.0366541885116
2007 -77.60632634972463
2008 -75.25371992084132
2009 -73.35574168990406
2010 -72.73456903060526
2011 -72.14143439456286
2012 -71.74639757818032
2013 -71.16390304782244
2014 -85.99709357402054
2015 -79.96261095348797
2016 -74.77495685873266
2017 -69.80622412456968
2018 -64.76930839805381
2019 -59.45103975033416
2020 -53.676712558840265
2021 -47.225221867157124
2022 -40.08218538549128
2023 -28.94059655993769
2024 -26.674890676894357
2025 -25.46217649379264
2026 -17.368453487266052
2027 -20.893764970040415
2028 -24.003091294379104
2029 -25.558124881806574
2030 -29.04091928120037
2031 -34.143974213710436
2032 -38.75921845816825
2033 -42.9828129359719
2034 -46.04169084419418
2035 -35.3408031378135
2036 -34.97459460740606
2037 -36.71768168821834
2038 -39.19587390928424
2039 -42.37983956598014
2040 -45.01661103505364
2041 -47.02427072139864
2042 -49.81571285959979
2043 -51.519657149301906
2044 -56.972539100313384
2045 -103.0337948630346
2046 -93.13790139844481
2047 -88.79663396713093
2048 -85.38488766051911
2049 -82.94168742071085
2050 -80.80638471684908
2051 -79.14481552022409
2052 -78.0309376284084
2053 -77.24971780923876
2054 -76.65492627372367
2055 -75.93568597592305
2056 -87.10631160183479
2057 -81.1467928866297
2058 -76.01297360336844
2059 -71.07047716744147
2060 -66.0133192684654
2061 -60.58694704089515
2062 -54.58621629342742
2063 -47.58582888802874
2064 -37.12804271763593
2065 -39.409979132695135
2066 -36.61486348872856
2067 -33.67230655932986
2068 -27.755378256326978
2069 -26.51370128825331
2070 -30.386517015221397
2071 -33.11796560007479
2072 -36.26944837070251
2073 -40.06352389396653
2074 -44.08716710767417
2075 -48.15773698103985
2076 -52.23380640110213
2077 -56.84048127209751
2078 -62.06485951372623
2079 -67.75409505390617
2080 -74.44479813491145
2081 -83.6647955492468
2082 -74.73014068198822
2083 -65.75399211649211
2084 -89.10546400239552
2085 -105.38677785583585
2086 -102.39200134430429
2087 -99.4836929623868
2088 -95.81686336238816
2089 -92.1831792845559
2090 -89.18448594137203
2091 -86.83431400619018
2092 -84.98842364781257
2093 -83.51196006150161
2094 -82.35429939295803
2095 -81.53049339386943
2096 -80.97457792262146
2097 -80.52088891085506
2098 -88.57305266485511
2099 -82.76507336872032
2100 -77.78736235897708
2101 -72.94328991477282
2102 -67.86736602786785
2103 -62.35774496823642
2104 -54.35910220054791
2105 -52.525179378559315
2106 -49.42810284601257
2107 -46.63023664364858
2108 -43.76584710377452
2109 -40.71496761605883
2110 -36.085537200631656
2111 -32.0828855529892
2112 -35.63983575893502
2113 -38.41844779358167
2114 -41.262065452532745
2115 -44.36885362363898
2116 -47.70173585873164
2117 -51.210683600722156
2118 -54.9188867998378
2119 -59.088592638631724
2120 -63.88089656712959
2121 -68.82216437210236
2122 -74.82750766888864
2123 -86.83117186879454
2124 -106.63377802413956
2125 -109.5776053795184
2126 -112.08138689855373
2127 -114.77927917706067
2128 -116.68372302422544
2129 -116.19600465707329
2130 -101.43341948500185
2131 -96.13666951133357
2132 -92.75133438212336
2133 -90.32700047086087
2134 -88.68511120617772
2135 -87.33683009571224
2136 -86.10541162851203
2137 -85.3482562290578
2138 -85.00179335027235
2139 -85.02136701109919
2140 -90.48061965081398
2141 -84.9763022118308
2142 -80.3114362426926
2143 -75.77719942361513
2144 -70.67815850838373
2145 -66.12119990670551
2146 -62.241127621218176
2147 -58.67756679022672
2148 -55.525735771571085
2149 -52.59338405285144
2150 -49.784677010293095
2151 -46.90271957721605
2152 -43.104786446344924
2153 -37.255848383010914
2154 -40.32367606147537
2155 -42.81369875763384
2156 -45.318580309744654
2157 -47.925149312310715
2158 -50.721217670024686
2159 -53.86843412761814
2160 -57.21802856142606
2161 -61.26579693753594
2162 -68.10517129702758
2163 -93.35356330965051
2164 -100.83135593312491
2165 -104.83453769532184
2166 -107.89186961343879
2167 -110.4867148353627
2168 -112.62964186065646
2169 -114.34322686451712
2170 -115.38871666814691
2171 -115.636929868287
2172 -115.2185313630301
2173 -114.26949116301249
2174 -112.80689408543292
2175 -110.48686347763856
2176 -105.06654115167659
2177 -92.74950782813612
2178 -90.17837679937017
2179 -89.27981302860495
2180 -89.12054926325087
2181 -89.69946698004325
2182 -93.01570218335051
2183 -88.22098987019156
2184 -84.17944401076048
2185 -82.35636015510069
2186 -75.73254041116108
2187 -70.97935628221082
2188 -67.13330707606536
2189 -63.733461532398266
2190 -60.68138277078451
2191 -57.85208674194061
2192 -55.165011702729075
2193 -52.49750294766553
2194 -49.39749465201983
2195 -42.372703541221824
2196 -44.70840262163831
2197 -46.76850586729714
2198 -48.981278941699514
2199 -51.15984552524147
2200 -53.347976835980276
2201 -56.706020262356716
2202 -80.10229945316598
2203 -91.08495940229842
2204 -95.70325503770196
2205 -99.5708552297634
2206 -103.49670016842393
2207 -106.75716582275282
2208 -109.49073938326396
2209 -111.83353196472326
2210 -113.79686096673326
2211 -115.34512492818915
2212 -116.4070658879401
2213 -116.96027536863457
2214 -117.06993536954072
2215 -116.81521029805249
2216 -116.25870809144163
2217 -115.42679735308353
2218 -114.34164637917543
2219 -113.83753695830099
2220 -113.82986601249337
2221 -113.65010222650591
2222 -113.27424512888183
2223 -112.11443007543726
2224 -96.84965922931727
2225 -93.83354181526056
2226 -91.55502568303623
2227 -83.7959152809073
2228 -79.03468129451933
2229 -74.96886407397955
2230 -71.45372460100668
2231 -68.3017740889927
2232 -65.40186937243121
2233 -62.67266302435769
2234 -60.093071158170474
2235 -57.63046717308658
2236 -55.0964365265135
2237 -47.69607828937983
2238 -49.13936173305578
2239 -50.68012307393562
2240 -53.29380124554063
2241 -71.87063141824758
2242 -84.83824445013678
2243 -88.88856911662256
2244 -92.19429485331845
2245 -96.21192339136721
2246 -99.73711256191385
2247 -102.9699462745509
2248 -106.06762452525224
2249 -108.90639523537594
2250 -111.43485231293086
2251 -113.65551140131677
2252 -115.55220561806956
2253 -117.08995268483048
2254 -118.23469668788839
2255 -118.98261135682138
2256 -119.36897715684651
2257 -119.44655188557492
2258 -119.2730034444663
2259 -118.9191964036351
2260 -118.52102803415265
2261 -118.31260186806897
2262 -118.33869695696481
2263 -118.48208119924105
2264 -118.71151462454122
2265 -118.95073530893421
2266 -115.45724541101448
2267 -97.31766847501734
2268 -91.2824066965225
2269 -86.4218442905781
2270 -82.37761751217742
2271 -78.85402891758831
2272 -75.65824745847914
2273 -72.713124245929
2274 -69.95507012060584
2275 -67.2394749053484
2276 -64.64803550326538
2277 -62.371275242832326
2278 -60.13433182601192
2279 -54.029296670077905
2280 -65.85186259298938
2281 -82.52154115292987
2282 -85.98353281224877
2283 -88.19319456365702
2284 -91.3431378140503
2285 -94.25087372797326
2286 -97.08405615303788
2287 -100.06970695772263
2288 -103.04145998923292
2289 -105.92294438468053
2290 -108.7042637315933
2291 -111.33767669684461
2292 -113.77316198221467
2293 -115.97345009665617
2294 -117.89987537385839
2295 -119.50974160146265
2296 -120.76782680396055
2297 -121.66337369578234
2298 -122.21852925736019
2299 -122.48186875861337
2300 -122.5188109096919
2301 -122.41091691031416
2302 -122.26254589812471
2303 -122.18182643520625
2304 -122.2213132708269
2305 -122.38519316405149
2306 -122.69576792386621
2307 -123.23227397516455
2308 -104.20805946737215
2309 -98.18483987048823
2310 -93.4407648245106
2311 -89.54302316355556
2312 -86.13324546359928
2313 -83.0470955710255
2314 -80.07402092376732
2315 -77.25118313313
2316 -74.78090659692194
2317 -71.92151403318769
2318 -69.17245574271871
2319 -68.77172868354774
2320 -79.4713094690982
2321 -79.1901290616218
2322 -85.68406867530443
2323 -88.67205767923441
2324 -91.12922078472049
2325 -93.34125596008904
2326 -95.71592425438976
2327 -98.19699454440831
2328 -100.7496419480748
2329 -103.3971293154931
2330 -106.10163345404831
2331 -108.81239328575711
2332 -111.48950230532753
2333 -114.08888632455535
2334 -116.56193236274785
2335 -118.85811843843568
2336 -120.9217097964192
2337 -122.6904839692609
2338 -124.10417291213611
2339 -125.12735212473672
2340 -125.77471302453735
2341 -126.10976381008324
2342 -126.2189220736434
2343 -126.19216280384501
2344 -126.1162930769446
2345 -126.06575346958627
2346 -126.09202774716286
2347 -126.23747261090617
2348 -126.5887210196202
2349 -127.41416940511706
2350 -105.8506662267692
2351 -100.66457172459866
2352 -96.86673653617297
2353 -93.66030007538637
2354 -90.69899078152247
2355 -88.20083953693266
2356 -85.3773914217358
2357 -82.69987559193734
2358 -84.04436324794023
2359 -89.54889531800153
2360 -88.03853059936088
2361 -86.29665471778296
2362 -85.42626797089403
2363 -82.37782589417665
2364 -90.3049830951735
2365 -92.74818535430597
2366 -94.93238806732128
2367 -97.05153402165632
2368 -99.22634568572418
2369 -101.50895181392652
2370 -103.91634296345443
2371 -106.45091693913346
2372 -109.0926426293263
2373 -111.80681225578272
2374 -114.55347647141295
2375 -117.288005200049
2376 -119.95992752056856
2377 -122.51089897637064
2378 -124.8692461456953
2379 -126.94097908734591
2380 -128.60488462840289
2381 -129.75440050888923
2382 -130.3975947941183
2383 -130.66237991144348
2384 -130.69255391448698
2385 -130.600577017346
2386 -130.47115691370098
2387 -130.3669987758085
2388 -130.3335385408011
2389 -130.4164675801231
2390 -130.7232666072224
2391 -131.67487559970115
2392 -109.9291319012268
2393 -105.59728296185898
2394 -102.38339513746857
2395 -100.08027507772172
2396 -97.25802190661923
2397 -98.79204806410465
2398 -102.78591130706506
2399 -99.14847856859716
2400 -96.23185415086606
2401 -94.01575808807793
2402 -92.1517655914932
2403 -90.61982178518458
2404 -89.50212856595725
2405 -88.731051562996
2406 -93.91726690277912
2407 -96.07164201608059
2408 -98.14157655742018
2409 -100.23100581096803
2410 -102.31024296987252
2411 -104.51708734495547
2412 -106.91857887274743
2413 -109.52330073584457
2414 -112.31352668403646
2415 -115.25734462658838
2416 -118.31491091772156
2417 -121.44059777682419
2418 -124.58231694109267
2419 -127.6779381231687
2420 -130.64586543942522
2421 -133.36023139689223
2422 -135.57692418712026
2423 -136.88408225970153
2424 -137.26647696011457
2425 -137.17262902701478
2426 -136.87583337271906
2427 -136.51552252104798
2428 -136.1763970978751
2429 -135.91346132220838
2430 -135.7618462753696
2431 -135.7473103546704
2432 -135.9208239218813
2433 -136.59026214561038
2434 -57.585954
2435 -106.240501
2436 -103.20914
2437 -107.17152
2438 -102.25087
2439 -3.251089
2440 12.113426
2441 -96.748557
2442 -134.522913
2443 11.659729
2444 9.654814
2445 -20.383675
2446 -126.470967
2447 -62.507553
2448 -108.435327
2449 -37.557353
2450 -94.476749
2451 4.290568
2452 -11.402743
2453 88.872522
2454 -32.435816
2455 -65.318718
2456 -5.838444
2457 -32.401777
