0 -191.144041
1 -182.416181
2 -174.543066
3 -167.645163
4 -161.84721
5 -157.270906
6 -154.025182
7 -152.195188
8 -151.832124
9 -152.946437
10 -155.506371
11 -159.442309
12 -164.655606
13 -171.029493
14 -178.439643
15 -186.76275
16 -195.882473
17 -205.692883
18 -216.099932
19 -227.021584
20 -219.372658
21 -211.987763
22 -205.434321
23 -199.794166
24 -195.146502
25 -191.563582
26 -189.105935
27 -187.817739
28 -187.723072
29 -188.823728
30 -191.099055
31 -176.39542
32 -161.746219
33 -147.167709
34 -132.683193
35 -118.327195
36 -104.15287
37 -90.245862
38 -76.751618
39 -63.932043
40 -52.285766
41 -42.781965
42 -37.105145
43 -34.175301
44 -37.421803
45 -45.638049
46 -56.703365
47 -69.265517
48 -82.644733
49 -89.964375
50 -92.941032
51 -98.14521
52 -105.24699
53 -108.253576
54 -96.148679
55 -84.97235
56 -75.140083
57 -67.244061
58 -62.028183
59 -60.193249
60 -62.039979
61 -67.265821
62 -75.169292
63 -85.006789
64 -96.186724
65 -108.294126
66 -121.05102
67 -134.272414
68 -147.833734
69 -161.64945
70 -175.659547
71 -189.82099
72 -189.976079
73 -184.197578
74 -179.48979
75 -175.938688
76 -173.615262
77 -172.569106
78 -172.823417
79 -174.372506
80 -177.182414
81 -178.646978
82 -164.208669
83 -149.880723
84 -135.698103
85 -121.711624
86 -107.997516
87 -94.674219
88 -81.932605
89 -70.090627
90 -59.68618
91 -51.596359
92 -47.031143
93 -47.028423
94 -51.588921
95 -59.675463
96 -70.07785
97 -81.918552
98 -94.659354
99 -107.982117
100 -121.695857
101 -135.682076
102 -146.762296
103 -146.13762
104 -147.048415
105 -149.466614
106 -152.075289
107 -150.624054
108 -150.659609
109 -152.180912
110 -155.144262
111 -159.469289
112 -153.821322
113 -139.829758
114 -126.070312
115 -112.628086
116 -99.631561
117 -87.280067
118 -75.889211
119 -65.958583
120 -58.239994
121 -53.695988
122 -53.147167
123 -56.709643
124 -63.697298
125 -73.134862
126 -84.202555
127 -96.340192
128 -94.914858
129 -92.944415
130 -88.235807
131 -74.304968
132 -60.884308
133 -48.4001
134 -37.792068
135 -31.046918
136 -30.815285
137 -37.21898
138 -47.654205
139 -54.191695
140 -52.763922
141 -55.509667
142 -61.875801
143 -60.989457
144 -48.734569
145 -38.476001
146 -32.183024
147 -28.961496
148 -31.262341
149 -39.57145
150 -51.033963
151 -63.976802
152 -77.663356
153 -91.761444
154 -106.107155
155 -120.612164
156 -131.586155
157 -139.260323
158 -148.06066
159 -157.798861
160 -168.312215
161 -179.464546
162 -87.951476
163 -72.052348
164 -56.15322
165 -45.25955
166 -40.254093
167 -24.354965
168 -8.455838
169 -0.013487
170 0.0
171 7.44329
172 23.342417
173 29.24409
174 23.25306
175 13.344962
176 0.0
177 -1.586563
178 -16.470354
179 -19.997871
180 -29.693866
181 -13.794738
182 0.0
183 2.104389
184 3.192779
185 18.003517
186 33.902645
187 48.438841
188 49.801772
189 61.705524
190 45.806397
191 33.721521
192 29.907269
193 14.008142
194 0.0
195 -1.890986
196 -11.524542
197 -17.790113
198 -33.689241
199 -49.588368
200 -56.770604
201 -65.487496
202 -81.386624
203 -97.285751
204 -102.016666
205 -113.184879
206 -129.084006
207 -144.983134
208 -147.262729
209 -72.666022
210 -57.173972
211 -52.649522
212 -34.52009
213 -32.633022
214 -12.616523
215 -11.866209
216 0.0
217 7.399977
218 10.787673
219 27.416477
220 33.441555
221 47.432976
222 55.994033
223 59.84164
224 56.910749
225 48.256444
226 34.484234
227 28.527187
228 12.879757
229 10.011841
230 0.330812
231 0.0
232 -0.473698
233 0.0
234 3.954629
235 5.787501
236 23.971128
237 28.441383
238 43.987628
239 51.095265
240 64.004128
241 73.749147
242 84.020627
243 96.403029
244 104.037127
245 90.649385
246 85.652669
247 67.995503
248 65.63617
249 45.61967
250 45.341621
251 25.60317
252 22.687739
253 5.586671
254 0.033857
255 0.0
256 -14.429829
257 -21.639249
258 -25.425503
259 -23.899944
260 -14.711023
261 -1.246062
262 0.0
263 5.305477
264 16.432163
265 19.447157
266 36.340486
267 37.555263
268 40.363945
269 39.003337
270 20.347445
271 16.349455
272 0.330946
273 0.0
274 -6.304426
275 -16.979397
276 -25.816382
277 -36.327913
278 -137.698119
279 -123.988152
280 -123.254392
281 -109.051631
282 -95.197746
283 -81.870037
284 -69.372435
285 -61.138757
286 -58.241791
287 -49.4107
288 -44.277173
289 -44.150406
290 -41.483144
291 -33.850476
292 -26.157681
293 -10.832219
294 0.0
295 4.493244
296 19.818707
297 35.14417
298 39.322444
299 50.469633
300 65.795096
301 75.342736
302 70.791334
303 69.397677
304 69.414891
305 71.347053
306 76.383937
307 83.954449
308 93.444811
309 102.309385
310 104.332428
311 94.011059
312 84.048345
313 75.894065
314 70.181433
315 68.200887
316 67.532937
317 68.305939
318 71.923117
319 56.597654
320 41.272191
321 35.586035
322 25.946728
323 10.621266
324 0.0
325 -4.355644
326 -18.76207
327 -24.069171
328 -21.83741
329 -8.743708
330 0.0
331 6.581755
332 21.907218
333 37.232681
334 36.544857
335 35.322223
336 19.99676
337 4.671297
338 0.0
339 -10.654165
340 -25.979628
341 -36.628062
342 -41.305091
343 -120.411131
344 -104.989473
345 -89.567815
346 -74.146157
347 -59.497575
348 -58.724499
349 -43.302841
350 -27.881183
351 -12.459525
352 0.0
353 2.962133
354 5.090259
355 0.0
356 -7.527674
357 -22.949332
358 -33.749551
359 -32.801909
360 -34.033108
361 -31.843501
362 -16.421843
363 -1.000185
364 0.0
365 13.718976
366 21.573408
367 29.030679
368 41.620466
369 39.527185
370 41.37501
371 30.543277
372 25.953352
373 10.531694
374 0.0
375 -4.889964
376 -20.311622
377 -12.135489
378 -10.446766
379 0.0
380 4.974892
381 20.39655
382 35.818208
383 51.239866
384 52.452345
385 56.411496
386 40.989838
387 25.56818
388 10.146522
389 6.03284
390 0.0
391 -5.275136
392 -20.696794
393 -36.118452
394 -51.54011
395 -58.554994
396 -66.961768
397 -82.383426
398 -97.805084
399 -113.226742
400 -123.142828
401 -128.6484
402 -129.123389
403 -145.459587
404 -137.943099
405 -132.086833
406 -115.008178
407 -111.791571
408 -98.103856
409 -84.360788
410 -81.486108
411 -65.37384
412 -58.228235
413 -50.255606
414 -37.358355
415 -36.314043
416 -29.728796
417 -30.02149
418 -31.465692
419 -41.406667
420 -41.276166
421 -30.18739
422 -12.607091
423 -12.515101
424 0.0
425 4.973209
426 16.245963
427 22.553508
428 40.133807
429 45.007028
430 57.714106
431 65.210911
432 65.73945
433 73.856438
434 79.623903
435 84.888194
436 97.853826
437 100.408498
438 112.084214
439 101.41533
440 98.370044
441 81.484178
442 73.873438
443 64.967766
444 49.194349
445 47.790147
446 35.177991
447 27.656991
448 24.184651
449 6.604352
450 0.186502
451 0.0
452 -10.975947
453 -26.037552
454 -26.021628
455 -12.47993
456 -1.280848
457 0.0
458 5.10037
459 22.680669
460 27.480217
461 40.260968
462 40.82099
463 39.236451
464 21.973807
465 12.931621
466 6.658162
467 0.0
468 -8.927071
469 -12.108317
470 -26.50737
471 -40.869382
472 -44.087669
473 -61.667968
474 -52.475583
475 -53.326617
476 -46.993818
477 -36.819201
478 -31.128606
479 -30.570533
480 -31.383724
481 -39.49364
482 -34.408125
483 -23.399241
484 -7.206205
485 0.0
486 5.408461
487 8.98683
488 25.179866
489 41.372901
490 45.225048
491 57.565937
492 73.758972
493 85.041634
494 89.952008
495 86.045753
496 77.003329
497 75.810397
498 70.566156
499 67.483931
500 67.474116
501 68.212963
502 72.638589
503 80.150792
504 79.568427
505 64.563528
506 48.370493
507 39.751841
508 32.177457
509 15.984422
510 0.0
511 -0.064745
512 -0.208614
513 -16.401649
514 -32.594685
515 -39.881332
516 -48.78772
517 -29.846102
518 -29.611407
519 -34.991485
520 -38.270931
521 -37.2842
522 -24.058162
523 -22.815919
524 -16.736761
525 -19.757209
526 -20.489872
527 -16.3011
528 -16.693785
529 -21.005714
530 -9.370946
531 -3.270179
532 0.0
533 12.365154
534 15.034034
535 26.360239
536 35.44041
537 33.246019
538 24.638634
539 24.181146
540 27.164779
541 23.371405
542 23.30878
543 5.573245
544 0.0
545 -4.741433
546 -11.519848
547 -28.991166
548 -31.93191
549 -39.902947
550 -43.695142
551 -45.738269
552 -56.752372
553 -61.178845
554 -70.560418
555 -84.599645
556 -85.824308
557 -101.891852
558 -110.236166
559 -114.441733
560 -123.299987
561 -124.213093
562 -133.932675
563 -141.943784
564 -145.952509
565 -159.045297
566 -162.627938
567 -120.50521600955024
568 -115.75133174712408
569 -112.50883979079079
570 -109.82126919657613
571 -107.58572791067807
572 -105.8767791262888
573 -104.96219673471818
574 -105.87615398201285
575 -134.7296751280296
576 -135.5284013344231
577 -131.33824835535697
578 -107.9811982410711
579 -107.80658430538278
580 -109.7069814786968
581 -112.24253617549823
582 -114.97764367421615
583 -117.65581995713858
584 -119.99455922874331
585 -121.52546688913435
586 -121.7413815088398
587 -121.13151930117596
588 -120.16392526828642
589 -119.09166467313817
590 -118.0664618161944
591 -117.19256610657628
592 -116.5550296921127
593 -116.25446610609043
594 -116.5190162903847
595 -118.41464816545542
596 -112.98891529058336
597 -106.86696780972711
598 -103.15401213213761
599 -100.39428838523952
600 -98.24981919650702
601 -96.73472631554183
602 -96.1675467723667
603 -97.73379033220417
604 -120.70783174790739
605 -127.64221557920006
606 -100.91529112549561
607 -97.48328744435933
608 -97.24068139008249
609 -98.33306839135291
610 -99.99761798496718
611 -101.84655695498967
612 -103.63499711635947
613 -105.14884438196546
614 -106.17619213163431
615 -106.60192231755474
616 -106.52492626009318
617 -106.13602315547824
618 -105.60254962463418
619 -105.05609564217836
620 -104.6101519993623
621 -104.3889658530528
622 -104.59007607507453
623 -105.6767903675303
624 -109.18066259149556
625 -106.72982181192998
626 -100.1460499991166
627 -96.00177338664938
628 -92.9957835892534
629 -90.74016613396218
630 -89.18954316312049
631 -88.55088333673447
632 -89.3662287393104
633 -94.1368817537884
634 -117.87784910559523
635 -89.95149929078681
636 -88.61573952724396
637 -88.64646597918548
638 -89.42037832014829
639 -90.59229911115852
640 -91.9104543613355
641 -93.18823097858063
642 -94.27666282412106
643 -95.06226210609691
644 -95.49493252736819
645 -95.60841435379884
646 -95.49332052906072
647 -95.25772390659026
648 -95.01115088087177
649 -94.87043523907894
650 -94.98507868805657
651 -95.59944951786797
652 -97.21748136288241
653 -101.18107507441181
654 -100.78530110515528
655 -94.11067723574581
656 -89.676541201187
657 -86.40378301379205
658 -83.9345201828565
659 -82.18005257481364
660 -81.21741258411193
661 -81.24106656597118
662 -82.91138353732309
663 -88.59113403680995
664 -81.85785171781099
665 -80.92787393294425
666 -81.04038070847426
667 -81.6516318733869
668 -82.5307799604726
669 -83.51321222239254
670 -84.46798517647828
671 -85.29241152105995
672 -85.91554223896681
673 -86.30764738035651
674 -86.484874443616
675 -86.50093321749549
676 -86.43333190825437
677 -86.37602543245863
678 -86.44364832599709
679 -86.79098587724172
680 -87.65975902348329
681 -89.49476365096493
682 -93.36942983190586
683 -95.10019644067219
684 -88.36777389316185
685 -83.68834240261586
686 -80.14911878195555
687 -77.41142060186453
688 -75.36049424043169
689 -74.01440644380921
690 -73.51404957080386
691 -74.66384051239
692 -75.78755598036246
693 -74.15142299464773
694 -73.84361745963984
695 -74.06388656925
696 -74.59181428586426
697 -75.2923255703565
698 -76.05866986882708
699 -76.80048747187699
700 -77.44583594370255
701 -77.94623296870425
702 -78.28174735982033
703 -78.46308417647847
704 -78.52908089101133
705 -78.54213774712547
706 -78.58606696966721
707 -78.76986085943165
708 -79.24070672547407
709 -80.21421784985617
710 -82.05258206569223
711 -85.58931905085531
712 -89.87615882663465
713 -82.7332736369561
714 -77.78892552330076
715 -73.9928235046542
716 -70.9544720602157
717 -68.54098727842789
718 -66.76016297487251
719 -65.64683300598902
720 -65.40575719632112
721 -67.57515467986329
722 -67.01782365845338
723 -67.19472540352803
724 -67.53468520958018
725 -68.02680297001484
726 -68.61954097180711
727 -69.24771716228943
728 -69.84784733899544
729 -70.36727447285277
730 -70.77042226382119
731 -71.0429720894526
732 -71.19385009608217
733 -71.25518028890276
734 -71.28145557252014
735 -71.34982680047904
736 -71.5632101270802
737 -72.05796229020233
738 -73.02088424598925
739 -74.73798512953887
740 -77.83353732068328
741 -84.35053991240525
742 -76.85567018038223
743 -71.79433320480753
744 -67.8006842435767
745 -64.43569354298836
746 -61.556122948054806
747 -59.209264781900785
748 -57.535328185929934
749 -36.8893892986375
750 -46.77454291384876
751 -60.605372776323584
752 -60.95932455157966
753 -61.353754265781106
754 -61.82665053564575
755 -62.35848173733559
756 -62.903953871095666
757 -63.41361268738177
758 -63.84524603407869
759 -64.17016157146409
760 -64.37685696488583
761 -64.47311228752595
762 -64.4871477069195
763 -64.46862597090835
764 -64.49035368326547
765 -64.65129446490337
766 -65.08130574696713
767 -65.94970942350523
768 -67.49118757610246
769 -70.15015497644706
770 -77.17638962349838
771 -70.48191792116492
772 -65.6242346955497
773 -61.52991721612066
774 -57.80733442040425
775 -54.27151754651604
776 -50.903843896072075
777 -47.82028020710008
778 -24.217980676917264
779 -29.335139249720953
780 -54.49526308323035
781 -55.00689631034032
782 -55.424487134055084
783 -55.893265274408954
784 -56.4034381012626
785 -56.9120962241708
786 -57.373211375590806
787 -57.748296636590005
788 -58.01121297361643
789 -58.15086569812496
790 -58.173108354568946
791 -58.102530979477116
792 -57.98467316338351
793 -57.88912182708796
794 -57.913763930919245
795 -58.190040345744926
796 -58.889207532653586
797 -60.243811154666524
798 -62.66444171137278
799 -70.16184357828661
800 -63.88683946347943
801 -59.36227731551263
802 -55.22989597251527
803 -51.1268422732238
804 -46.74907252044414
805 -41.52487512685547
806 -31.637079090474845
807 -16.461642216640513
808 -21.224391474578105
809 -48.710373003952284
810 -49.242110616400254
811 -49.65295384278274
812 -50.14275739327103
813 -50.67434955080454
814 -51.19143323158551
815 -51.64356173273634
816 -51.99137873629081
817 -52.20825635545889
818 -52.28134731287687
819 -52.21294449216838
820 -52.02260118592638
821 -51.750385564782135
822 -51.4615976467673
823 -51.25346607845945
824 -51.265132971718465
825 -51.68875663549181
826 -52.76285810054302
827 -55.038881335286476
828 -63.59780989337024
829 -57.34036972185007
830 -53.14108517114479
831 -48.9850875295539
832 -44.49727948296885
833 -39.29436118209017
834 -32.145642290681096
835 -5.579328113240587
836 -10.568053894945555
837 -15.465849283181207
838 -43.63121115860565
839 -43.556824837979164
840 -43.93819240268156
841 -44.49680205996155
842 -45.106087428239775
843 -45.6829413035988
844 -46.1681511261227
845 -46.519461630224946
846 -46.708135712261104
847 -46.71773657570318
848 -46.54465673884081
849 -46.20037886419256
850 -45.71572030002156
851 -45.14716964592453
852 -44.58510871306668
853 -44.167741757623446
854 -44.12282095352607
855 -44.797958546626695
856 -45.19321333916144
857 -58.530743130743694
858 -50.92242268093741
859 -46.983809296251756
860 -42.85035893353375
861 -37.9320864208198
862 -31.66281642545817
863 -22.869116203446936
864 -0.7132260908507329
865 -5.596560661316244
866 -10.573961828381986
867 -38.978745277061506
868 -37.6535504989865
869 -38.14145946413811
870 -38.87293856443079
871 -39.64270197761985
872 -40.342936122365955
873 -40.909329336854874
874 -41.298886078501106
875 -41.48108276568158
876 -41.43452246758159
877 -41.14658757004308
878 -40.6155967956258
879 -39.85589234025432
880 -38.906205093866454
881 -37.837359478369436
882 -36.745186556890694
883 -35.74087064951266
884 -35.43969340465583
885 -26.538794236640257
886 -47.94416990494214
887 -43.85558059365868
888 -40.77641360306928
889 -36.89691654735366
890 -31.539287615025348
891 -23.235584888769214
892 5.18321100071622
893 4.286312664320454
894 -0.9862917519490384
895 -5.356732481226795
896 -14.97229874474729
897 -31.1059781529703
898 -32.06996640765782
899 -33.18702312609987
900 -34.239244510041544
901 -35.14155857487274
902 -35.84454488692168
903 -36.31249229252629
904 -36.51573529644561
905 -36.427068174113224
906 -36.02081264953301
907 -35.27417437391064
908 -34.171733283688205
909 -32.71613092010079
910 -30.944106322116205
911 -28.884245001269484
912 -26.199402463130493
913 -11.949042511207166
914 -19.154903092702792
915 -40.79148642580423
916 -36.05062663253302
917 -34.55237947981204
918 -31.301840667426017
919 -25.62061971871844
920 -15.978763159611681
921 17.260423219261863
922 7.450516185733468
923 3.0701037531446054
924 0.17514112202447066
925 -2.4492625524171614
926 -23.036331610156488
927 -25.577129149087984
928 -27.395112553064784
929 -28.87274716747107
930 -30.064342614484712
931 -30.964376950881316
932 -31.5562585511979
933 -31.815697581940494
934 -31.709186048403268
935 -31.192894923296592
936 -30.21168051487866
937 -28.697409693811363
938 -26.569704180166156
939 -23.76365446929705
940 -20.272636858402283
941 -14.200861683085318
942 -8.380416510183169
943 -16.996847590864153
944 -34.72529407179886
945 -26.327084530505537
946 -28.491327634259207
947 -26.429716350540993
948 -20.049741528586484
949 -5.5444198823559985
950 15.84406270178719
951 9.430211414876231
952 6.358634743442829
953 4.825645409503197
954 4.254802672304445
955 -14.452859329281987
956 -18.867738458058962
957 -21.515977947126906
958 -23.546210738862523
959 -25.112363660134264
960 -26.2700002411232
961 -27.03557241729599
962 -27.395959122140248
963 -27.310867984759117
964 -26.712151013391164
965 -25.49874289799421
966 -23.518696098203996
967 -20.523811676095082
968 -15.984900534805432
969 -9.375876378789838
970 4.233252533953392
971 -9.76981111090703
972 -17.380296876957225
973 -30.80422876041993
974 -5.001534878081974
975 -23.78122272136256
976 -23.113328180611326
977 -15.540325497360213
978 34.05770190989991
979 14.89818872494124
980 10.576161893805232
981 8.886924860215627
982 8.75725981823876
983 10.188237783683384
984 -4.374512442337182
985 -11.728792765123238
986 -15.54846437374904
987 -18.284206181213815
988 -20.299220024650285
989 -21.76802488650788
990 -22.759356398384664
991 -23.27759382982966
992 -23.27483849088966
993 -22.650544991378982
994 -21.24232765149338
995 -18.78022035007082
996 -14.708175491516327
997 -8.294115201260347
998 36.93228314241547
999 -1.8444465905533864
1000 -11.457021674316842
1001 -19.343586549404744
1002 -32.64191411502181
1003 -23.202603382858207
1004 -23.491418578342607
1005 -22.02909013876534
1006 -14.82587431676802
1007 16.57555898279179
1008 12.470107755724994
1009 10.794420545071269
1010 10.65564219778451
1011 11.918818934013093
1012 15.2157385914686
1013 19.676119658225886
1014 -3.9009986211801073
1015 -9.620969348406632
1016 -13.146073643961302
1017 -15.64284109874124
1018 -17.460767215813505
1019 -18.730383782701022
1020 -19.478870963317608
1021 -19.650998307280346
1022 -19.101212804887506
1023 -17.579654333631986
1024 -14.661054355432187
1025 -9.431269238563479
1026 22.398325736904425
1027 2.184850437579903
1028 -6.43519381548349
1029 -14.337720694733816
1030 -22.3531370487869
1031 -36.64882982155402
1032 -33.09653988554577
1033 -25.609916260991252
1034 -22.28185942113971
1035 -13.71493631771503
1036 9.882391980145545
1037 9.925448377762196
1038 10.430644151298594
1039 11.737058968640659
1040 14.149710224801916
1041 18.336926827707007
1042 30.279029330532293
1043 2.705327839471167
1044 -4.003047204924358
1045 -8.179736802775112
1046 -11.142421925605088
1047 -13.331481721542794
1048 -14.930706117920854
1049 -15.999493138862194
1050 -16.486205095468346
1051 -16.186247803252265
1052 -14.677728125121044
1053 -11.345094882798731
1054 0.6898179984811312
1055 7.118315267995238
1056 -4.041672858891352
1057 -10.646691528547082
1058 -17.599093587748033
1059 -25.87508095906509
1060 -40.68106930776925
1061 -38.05251832998728
1062 -28.461989235782166
1063 -23.21565444695998
1064 2.5677537844927576
1065 5.893260857014453
1066 7.767780446812594
1067 9.766014042654314
1068 12.270890492695164
1069 15.607165985780888
1070 20.37399572180193
1071 30.013696562857714
1072 9.7501604157728
1073 1.483307860428411
1074 -3.3331488872155317
1075 -6.756425639173246
1076 -9.330188784325498
1077 -11.30259759706333
1078 -12.791916366405472
1079 -13.79467335937645
1080 -14.089091922555156
1081 -12.905012354614346
1082 -7.335541150895818
1083 8.619606712069308
1084 -4.691066141455471
1085 -8.665689269371054
1086 -14.057170576777015
1087 -20.65560227611919
1088 -29.347996112497754
1089 -43.31566725039529
1090 -41.86907954963809
1091 -31.334562861751262
1092 -26.581072338497517
1093 -1.109997285134872
1094 2.621569874450399
1095 5.556412370464777
1096 8.803358610102732
1097 12.379578884000749
1098 16.539504007270196
1099 21.86012375729754
1100 30.52333599562404
1101 18.11641067022766
1102 7.041707010720742
1103 1.489244976642832
1104 -2.4106016896699947
1105 -5.36576018750397
1106 -7.727201496761465
1107 -9.715112199988804
1108 -11.472167622851883
1109 -12.98941609375895
1110 -13.796890639212068
1111 3.9509503728305835
1112 -7.210942114038257
1113 -8.2802141156156
1114 -11.731914934866111
1115 -16.69495957949515
1116 -23.223557566624763
1117 -32.267882782296105
1118 -36.02757152932666
1119 -32.26218897215581
1120 -30.54011497205792
1121 -30.261450262961667
1122 -6.519244307774542
1123 -2.186105815294435
1124 2.3630258490420606
1125 7.424345437123372
1126 12.146410895669863
1127 17.129604161551274
1128 22.94039450066157
1129 30.869674403264103
1130 28.581751592905675
1131 12.839743085537627
1132 6.350319705291566
1133 1.986833944899806
1134 -1.296934364070691
1135 -4.004338559844596
1136 -6.47802959928343
1137 -9.158761978565014
1138 -12.71058323426727
1139 1.5302552188885619
1140 -25.92593068324506
1141 -8.96073412740522
1142 -10.195043349348058
1143 -13.589665485211592
1144 -18.549888262943618
1145 -25.187937638633144
1146 -34.52139811500104
1147 -32.026264218763856
1148 -26.78712472019144
1149 -21.919460508928033
1150 -8.017882306614199
1151 -1.3202048079449253
1152 -13.653695311110209
1153 -3.9396065453941205
1154 5.648056650140942
1155 11.565658434325302
1156 17.66057892981799
1157 24.012633882521214
1158 31.904095637635873
1159 64.3147145945555
1160 18.728856418923147
1161 11.20988128187834
1162 6.574279192236811
1163 3.0984590864546195
1164 0.17189035803521968
1165 -2.6062572585634656
1166 -5.8306207233386935
1167 4.898260852420207
1168 5.275111870043209
1169 -6.367722900785167
1170 -8.057242080868672
1171 -10.601473079273864
1172 -14.458202310046383
1173 -19.65899057205363
1174 -26.523357518643774
1175 -36.23905737196495
1176 -28.517483038827613
1177 -21.799727709792204
1178 -14.444240928989625
1179 4.156715338201366
1180 5.726417674606742
1181 5.294829012374058
1182 6.658080594284569
1183 8.372495161947844
1184 10.052021728313498
1185 19.198888186618586
1186 26.04705058706466
1187 32.44211158450006
1188 44.99449892565513
1189 23.261020001966905
1190 16.280292819755733
1191 11.670609486711445
1192 8.19190029606099
1193 5.330679891095868
1194 2.5317925962703045
1195 11.687807416538016
1196 12.964174565737322
1197 1.2337483940197882
1198 -3.0023423439272174
1199 -6.426110359318108
1200 -10.109895896000987
1201 -14.551423326797062
1202 -20.077832072903185
1203 -27.18816456496751
1204 -37.308876722323575
1205 -25.335429532183817
1206 -16.982618726367445
1207 -5.494692083083703
1208 12.26493226979173
1209 11.337303366689799
1210 11.395697998513883
1211 12.578495923008774
1212 14.833456438140374
1213 18.63224287798972
1214 24.97062410292136
1215 36.565584875132586
1216 36.900058953232765
1217 42.71358209831539
1218 30.559877194396158
1219 22.687190261360094
1220 17.91726764463627
1221 14.633754067151564
1222 12.185444981863984
1223 24.87984073670564
1224 21.991595170783544
1225 21.363665254755922
1226 4.663955755267447
1227 -0.4140495141092067
1228 -4.715168762708837
1229 -9.131463281811639
1230 -14.063513143411868
1231 -19.8710644706412
1232 -27.112963168551648
1233 -37.31383439056519
1234 -22.432843018534953
1235 -13.111577157148517
1236 16.946250605833708
1237 17.818519244494343
1238 15.866545977999314
1239 15.253346333416163
1240 16.102021339499075
1241 18.187348779843862
1242 21.608334601320887
1243 26.54444073257262
1244 32.82677292416882
1245 40.302245892942295
1246 52.90026703997002
1247 55.11048980689997
1248 32.33143138676695
1249 26.790849647969686
1250 23.372722086600607
1251 44.53297444637606
1252 31.979217358062325
1253 29.214715363382375
1254 14.71072182217112
1255 7.589275777875388
1256 2.1272165608115206
1257 -2.817647676957188
1258 -7.791995495778496
1259 -13.1205701253794
1260 -19.126033907345924
1261 -26.323771051402215
1262 -36.02847216004303
1263 -20.12375236928356
1264 -10.89266348033571
1265 10.652511530592149
1266 15.126828095761125
1267 19.526312057625493
1268 17.78220403174132
1269 18.19297511504439
1270 19.96821995054716
1271 22.9675611085168
1272 27.16419216979799
1273 32.555994220187515
1274 39.45024869965784
1275 49.0545154193371
1276 91.0090219372573
1277 88.06477033260494
1278 79.89792149986835
1279 48.582236037946075
1280 42.69463977329082
1281 39.01043797128182
1282 39.03799412248304
1283 17.522639463898617
1284 10.87069639298407
1285 4.9932132383736025
1286 -0.5809856157398845
1287 -6.108861303569989
1288 -11.818152419123894
1289 -17.977905116220875
1290 -25.030677892949424
1291 -34.03952937081739
1292 -18.748727535819445
1293 -7.243572541623815
1294 6.2102149883364675
1295 11.316749888181205
1296 21.98882557624449
1297 19.067784644649773
1298 19.059820925045177
1299 20.561117437547725
1300 23.261180457240222
1301 27.06252175980954
1302 32.02579399602193
1303 38.52952103732858
1304 48.12944628325673
1305 88.13764271768265
1306 90.61352504926798
1307 87.76514215589698
1308 80.42417685444211
1309 76.47061318491514
1310 52.76732100276833
1311 29.973439609275484
1312 23.5470082124953
1313 16.045078815750994
1314 8.72266708535932
1315 2.2009685754292625
1316 -4.081034563574424
1317 -10.267246604102548
1318 -16.60786173036544
1319 -23.527211090490262
1320 -31.89303438355191
1321 -20.150954568652995
1322 -2.622449316771027
1323 1.9497995957241934
1324 7.479920611102526
1325 25.583811797771368
1326 19.034984521171268
1327 18.718036753209187
1328 20.104544836962106
1329 22.653449255013598
1330 26.221227645868463
1331 30.86885953601911
1332 36.87437988453019
1333 44.87788155815056
1334 59.14339669841706
1335 93.5893190736209
1336 85.69184479431384
1337 83.42323514744112
1338 81.96114687571499
1339 45.052207712890954
1340 36.238900193936225
1341 67.97261370735481
1342 25.508834216386763
1343 14.00980917710429
1344 6.054877945313258
1345 -1.7391220131726761
1346 -8.621927867594325
1347 -15.228280579086634
1348 -22.129133194086187
1349 -29.99795537790881
1350 -25.332556060079256
1351 -8.785874111036724
1352 -3.518619076461917
1353 2.437640427896642
1354 16.81515572640565
1355 17.079316848028096
1356 17.089094840840094
1357 18.666432721468567
1358 21.22622388371504
1359 24.66355616964433
1360 29.081761378804384
1361 34.75719489207961
1362 42.30000029057662
1363 54.22221608644045
1364 84.84868430421203
1365 85.0464575148543
1366 86.00924426919721
1367 92.60387233779441
1368 35.58988463724474
1369 27.135780066880912
1370 23.633663261927353
1371 19.547624780622705
1372 20.12609516317127
1373 14.68111145630795
1374 0.7241140623255888
1375 -6.9655883536181715
1376 -14.077745562729767
1377 -21.272580349710925
1378 -28.77121421449802
1379 -44.31340729931759
1380 -34.47040209211048
1381 -11.538757814693115
1382 -4.281071616344334
1383 1.306245676453593
1384 12.68693944602573
1385 14.212020588234553
1386 16.348551457050462
1387 19.059989927364605
1388 22.416311828603828
1389 26.66431438470078
1390 32.300674666837736
1391 40.23745594882922
1392 59.07839101964021
1393 81.39472824601471
1394 84.32695242922723
1395 88.78771321038478
1396 43.11103480276091
1397 28.592860704360334
1398 19.910675569255506
1399 14.144762152720258
1400 9.33663649760591
1401 5.207468616032837
1402 0.4832613274692061
1403 -4.583523160222026
1404 -0.35441809180905104
1405 -14.097006018427388
1406 -21.969430839690123
1407 -28.855961189248482
1408 -41.83357779813384
1409 -34.40775308549686
1410 -30.10188832581993
1411 -17.643048748472925
1412 -5.631945701745108
1413 6.937914121814791
1414 10.37602650845242
1415 13.309864436134651
1416 16.248060254087626
1417 19.459718994716926
1418 23.452262769511105
1419 29.04037945926717
1420 47.06978604835561
1421 53.008725118676864
1422 76.31385913944071
1423 83.03323720164002
1424 65.78474531198508
1425 31.987634249853762
1426 20.961188002207145
1427 13.188885119747054
1428 7.119707206619088
1429 1.92862889290422
1430 -2.887156205757478
1431 -7.776310130664986
1432 -12.704662885840513
1433 -17.56081385819825
1434 -24.452459553205493
1435 -32.81286300845793
1436 -33.4487581798579
1437 -42.57132278227897
1438 -34.610727970981415
1439 -28.941769190436727
1440 -24.21036619551627
1441 -20.039994122257664
1442 -4.345203927539411
1443 5.644308736980705
1444 9.639820374536775
1445 12.899481175498918
1446 15.684824883442833
1447 18.989377895422052
1448 32.88933195438023
1449 42.932516943020204
1450 49.703208560374435
1451 60.29535698469139
1452 80.98536413249943
1453 32.84558504851961
1454 22.328041554009506
1455 13.742984235807564
1456 6.769914645402966
1457 0.8530602059262257
1458 -4.425929068492893
1459 -9.389969455889922
1460 -14.278020375198116
1461 -19.217531108118187
1462 -24.4504129446694
1463 -30.417179764619853
1464 -36.95567120851453
1465 -43.97967781814145
1466 -44.09734520546668
1467 -34.66891613013231
1468 -28.040291759279878
1469 -22.575917956279405
1470 -17.78151581864782
1471 -11.601196475322606
1472 -12.141903812051385
1473 5.108091952296634
1474 9.100760836428943
1475 11.29180016253489
1476 13.029271408304806
1477 32.67850763040266
1478 40.637595007086944
1479 47.425923761434134
1480 55.15152777670213
1481 37.00017864599575
1482 23.235703504532466
1483 14.243006012458606
1484 6.954436980180857
1485 0.6194546944139638
1486 -5.044446512207092
1487 -10.264607800885598
1488 -15.241090430146455
1489 -20.142216965892224
1490 -25.11480250269372
1491 -30.331262190268124
1492 -35.955777527790985
1493 -42.04810117952054
1494 -48.89515322434974
1495 -43.611641260738665
1496 -33.99568350890472
1497 -26.736761653372323
1498 -20.525428656747533
1499 -14.691309977047442
1500 -7.102614848444883
1501 3.6831690070802185
1502 1.5799448850953102
1503 4.0933726896818
1504 1.5510354312540608
1505 24.400374790154
1506 32.485370212282625
1507 39.37113808641446
1508 46.09677371387448
1509 60.80179777520683
1510 26.294599705099827
1511 14.973960863277211
1512 7.221851747552766
1513 0.6346208155157066
1514 -5.2661209014801615
1515 -10.697484270911435
1516 -15.817033453706914
1517 -20.765637366406864
1518 -25.674541568997444
1519 -30.671771917166367
1520 -35.89020564583264
1521 -41.46142171907723
1522 -47.54194051980602
1523 -54.58224004143752
1524 -42.258431783604856
1525 -32.6622453702736
1526 -25.013206245742193
1527 -18.1335150247113
1528 -11.408901035625629
1529 -3.5679282390848517
1530 12.684054491389459
1531 10.998252981196535
1532 9.861106813294825
1533 12.809086357997783
1534 27.19613599408621
1535 33.11291250038138
1536 38.34517389419788
1537 44.51370970998922
1538 45.70154100356208
1539 20.902087365531088
1540 8.260436471507875
1541 0.9415113082936738
1542 -5.284279765813794
1543 -10.910631028907046
1544 -16.163000356736212
1545 -21.185222834554114
1546 -26.096030692152784
1547 -31.007983833034082
1548 -36.03593154110777
1549 -41.30325882746071
1550 -46.95340991893448
1551 -53.206365329966104
1552 -60.666610892037916
1553 -40.62163141956075
1554 -30.94779566404072
1555 -22.992059239584265
1556 -15.44152500599709
1557 -7.558216545286427
1558 1.7846372442945628
1559 23.91119173414114
1560 22.252725620707242
1561 14.740537289985893
1562 12.832309308251377
1563 14.591974841177766
1564 33.842573834729826
1565 36.48582536816981
1566 38.7989787367635
1567 37.64738469530685
1568 24.009454139525758
1569 2.856346940155236
1570 -4.8174423024814805
1571 -10.908488359037312
1572 -16.363577942973766
1573 -21.483849494440697
1574 -26.423871998482802
1575 -31.297558042310932
1576 -36.210619890971955
1577 -41.274964531882105
1578 -46.619925131096096
1579 -52.41402807187314
1580 -58.939460965789486
1581 -66.96058414968486
1582 -38.31307902917771
1583 -29.00841505505248
1584 -20.87469247488984
1585 -12.686010385339902
1586 -3.519032809992089
1587 8.43369358145651
1588 47.769531079205485
1589 20.384117921503645
1590 13.862089423886612
1591 10.924031233068096
1592 10.491532762406134
1593 11.574968079117822
1594 15.95167279081641
1595 30.99725485925031
1596 30.995882873577372
1597 28.59322770713437
1598 -3.1808115996934645
1599 -10.481421103560953
1600 -16.376995142197657
1601 -21.689329417357953
1602 -26.703109208937253
1603 -31.573860881785823
1604 -36.41302239200097
1605 -41.3240898330035
1606 -46.422769685488305
1607 -51.85359165392911
1608 -57.819308615512234
1609 -64.67156986468855
1610 -73.34566203204228
1611 -35.832742470517246
1612 -27.102314435362274
1613 -18.91235455462355
1614 -10.167762078232311
1615 0.32463352184656186
1616 14.53483078172656
1617 23.119935734554552
1618 17.622319111918127
1619 10.987435117906468
1620 7.434874536621541
1621 5.556267713614611
1622 4.9853429508795735
1623 -4.42596190062849
1624 -3.168074339989346
1625 23.37771995585103
1626 20.364861638476523
1627 -9.314796580754745
1628 -16.048306136848215
1629 -21.77208725672213
1630 -26.947562019494615
1631 -31.865087333227645
1632 -36.67650747254545
1633 -41.484015072620885
1634 -46.386363606521286
1635 -51.5059903777929
1636 -57.00958253135771
1637 -63.143551056305405
1638 -70.34033752288445
1639 -79.7217031142697
1640 -33.71689583615547
1641 -25.544190552307317
1642 -17.34300798158362
1643 -7.9847119443546095
1644 3.9811345125484023
1645 10.844016875465766
1646 6.788341210212681
1647 13.65205872238727
1648 6.925961905984989
1649 2.753849432817503
1650 -0.3561126413074086
1651 -12.650201525711747
1652 -12.072201671428676
1653 -10.201881388880828
1654 -8.612783964864143
1655 -7.400149062345024
1656 -13.497165590869669
1657 -21.628232125105207
1658 -27.19404327043231
1659 -32.195162889385344
1660 -37.015877074272154
1661 -41.7847964561182
1662 -46.56840955111636
1663 -51.451094413463274
1664 -56.563096866948094
1665 -62.100126491186614
1666 -68.36324841035216
1667 -75.88131834596055
1668 -85.98624606018184
1669 -32.38084067209019
1670 -24.6298542229925
1671 -16.29945411421149
1672 -6.589103833729059
1673 2.38002833763584
1674 -5.130186456899458
1675 -4.733761418998311
1676 9.289503021524398
1677 2.1765168244793904
1678 -3.0471861581013573
1679 -9.519978089764468
1680 -20.83985726578166
1681 -17.399787953272565
1682 -15.250953983786518
1683 -13.855849272164912
1684 -13.517017478130377
1685 -29.852343998905322
1686 -33.72613555559107
1687 -32.81397583754019
1688 -37.50269446205398
1689 -42.204367969027516
1690 -46.99109135222556
1691 -51.768184596329434
1692 -56.61394495283135
1693 -61.66666289116383
1694 -67.16089505910288
1695 -73.46478053428726
1696 -81.22273294789754
1697 -92.01429554789308
1698 -32.20985585531028
1699 -24.745862066595464
1700 -15.833234074727834
1701 -6.225169487329019
1702 -14.92278740755814
1703 -15.472807795326634
1704 -13.682658867244673
1705 5.726982778158907
1706 -2.6317052382446233
1707 -8.744064294905916
1708 -30.98506517409378
1709 -24.595585460333137
1710 -21.275470410933416
1711 -18.886748748220715
1712 -17.135835284779503
1713 -16.302679512572794
1714 -26.51097301157856
1715 -36.74936793347148
1716 -42.61493163149267
1717 -43.20035090233036
1718 -47.64178925368507
1719 -52.513908224925
1720 -57.294001698553
1721 -62.06341668750256
1722 -66.9597497943432
1723 -72.27796007270204
1724 -78.46184668160035
1725 -86.28426420088512
1726 -97.61947845577723
1727 -33.584109540525496
1728 -26.699501252032412
1729 -15.519357663246092
1730 -24.301883178890126
1731 -24.938184311612808
1732 -24.48529975035762
1733 -22.266550495345548
1734 -15.407816848569157
1735 -7.9506090951285024
1736 -18.081268336690613
1737 -29.651646753940764
1738 -27.01406841250168
1739 -24.224857243027117
1740 -21.63901194720695
1741 -19.246346450329916
1742 -16.943281006563588
1743 -13.343815853366301
1744 -34.422204582904484
1745 -42.45342091944136
1746 -49.3454962486809
1747 -56.78072805430214
1748 -59.02843088049347
1749 -63.76709789147285
1750 -68.18585826538741
1751 -72.73424487728661
1752 -77.63708371512776
1753 -83.4360696291041
1754 -91.0021013415797
1755 -102.4669339456322
1756 -36.837968213960615
1757 -32.389675076502925
1758 -36.50561105665486
1759 -34.88431792599925
1760 -34.15793531051178
1761 -33.27217578574381
1762 -31.793822087925676
1763 -29.664272255542684
1764 -14.50863654338056
1765 -33.21808175005502
1766 -31.87550432636703
1767 -29.585941611920894
1768 -26.88959922465989
1769 -24.010267032254685
1770 -20.915969680246103
1771 -17.25521503832445
1772 -11.128710781995458
1773 -30.67665487032222
1774 -41.08302150894719
1775 -49.35399992618208
1776 -57.209018598481904
1777 -65.52055240859936
1778 -80.29789362498623
1779 -75.84049800530161
1780 -79.72051737706249
1781 -83.60953751441048
1782 -88.62448492305707
1783 -95.45229962744656
1784 -106.19328349989084
1785 -45.5126598922849
1786 -48.71189131657586
1787 -45.75034702411762
1788 -43.998586861528175
1789 -42.88233445556214
1790 -41.961663554192796
1791 -40.97549643276024
1792 -39.87973972569709
1793 -37.76333317384334
1794 -37.261705008133
1795 -35.17493381051162
1796 -32.609878973103875
1797 -29.676494006891183
1798 -26.413150731817936
1799 -22.69860784980088
1800 -18.13002884704445
1801 -11.257986304798909
1802 -25.20516735597527
1803 -38.82602735278204
1804 -48.413739817446015
1805 -57.015404549756106
1806 -65.47537216377894
1807 -74.26176949006107
1808 -86.0446591989868
1809 -90.55548280188759
1810 -91.04386105530529
1811 -94.60642259842349
1812 -100.06295330699508
1813 -109.26029524952385
1814 -60.93965687237139
1815 -56.73735136198323
1816 -54.081555995579635
1817 -52.401628197680026
1818 -51.33442433500776
1819 -50.557892689075686
1820 -49.84251458624377
1821 -49.0518194203502
1822 -46.90474542519984
1823 -42.203526369718354
1824 -39.21259759989821
1825 -36.132367117018006
1826 -32.79664645301909
1827 -29.11614111162978
1828 -24.88516203946183
1829 -19.576943297531756
1830 -11.568987603199425
1831 -11.482757877949549
1832 -35.476264482698376
1833 -47.117540963181476
1834 -56.50245525941274
1835 -65.05196636807818
1836 -73.48932430702817
1837 -82.38690299166983
1838 -91.55020506399912
1839 -114.72054566867044
1840 -102.51943649384259
1841 -106.00621118939672
1842 -112.64638469402892
1843 -68.10229382396882
1844 -64.32686464743759
1845 -61.981286800570835
1846 -60.563414075978045
1847 -59.77487631429263
1848 -59.3837336978386
1849 -58.91915700953121
1850 -79.96214775018328
1851 -77.33022008619054
1852 -47.93220243852232
1853 -43.935753308708975
1854 -40.20131986630116
1855 -36.3674907641909
1856 -32.27956662034422
1857 -27.69245584311586
1858 -22.04116367195192
1859 -13.541054492163976
1860 28.282369611903132
1861 -32.78423768667724
1862 -46.320251460241394
1863 -56.195496138577965
1864 -64.79811257385647
1865 -72.92559645399983
1866 -80.98516364668447
1867 -89.30437867656774
1868 -98.17959041409456
1869 -109.01483909486845
1870 -120.2026284823337
1871 -117.90068568376492
1872 -75.42902719303036
1873 -71.84628786003911
1874 -69.81327490985865
1875 -68.79278608706757
1876 -68.51188185029636
1877 -68.83726775096474
1878 -74.6729272494467
1879 -92.5442427459311
1880 -91.54006561730162
1881 -55.14043061557916
1882 -49.53903116897201
1883 -44.89982745301316
1884 -40.44993532779933
1885 -35.96807717353836
1886 -31.20648541241861
1887 -25.768421038008693
1888 -18.93938790034293
1889 -6.907020874559309
1890 -34.06330357498982
1891 -46.678736064080795
1892 -56.45660395113892
1893 -64.93097502849434
1894 -72.79379422236357
1895 -80.42258968193507
1896 -88.0688186376118
1897 -95.97549419162142
1898 -104.64341805226032
1899 -114.08964598097526
1900 -134.96296827638864
1901 -83.08978796384137
1902 -79.49705266119817
1903 -77.81830103269529
1904 -77.37429599632763
1905 -78.06211264835751
1906 -79.87687225257851
1907 -101.89658492164322
1908 -101.29619336430396
1909 -101.25140178692045
1910 -65.18692961080357
1911 -56.31045023477264
1912 -50.27806331818424
1913 -45.04223638839679
1914 -40.155007292154195
1915 -35.305865191923615
1916 -30.230007836781397
1917 -24.597467803751584
1918 -16.89864366052886
1919 -34.18892041420463
1920 -47.888826911389195
1921 -57.38897204831656
1922 -65.57117846797146
1923 -73.15899662726987
1924 -80.48195240085099
1925 -87.7394273426924
1926 -95.10389188046166
1927 -102.79216672827708
1928 -111.20949629491302
1929 -121.35213512788386
1930 -90.97266495676628
1931 -87.45875518876943
1932 -86.26862364551133
1933 -86.6808965907859
1934 -88.54422409310565
1935 -113.26125901458641
1936 -110.22261279511088
1937 -109.11594787892734
1938 -109.42818922365126
1939 -83.47246551746026
1940 -64.43994437897393
1941 -56.219925574175235
1942 -50.10521606847894
1943 -44.801013055790854
1944 -39.839583301715024
1945 -35.02046661446487
1946 -30.19235317337733
1947 -24.90457662984987
1948 -37.94967125852536
1949 -50.27600349492426
1950 -58.96440620904729
1951 -66.70843837947946
1952 -74.03342952866127
1953 -81.16996654745473
1954 -88.24600619506127
1955 -95.36456451912098
1956 -102.67291573974907
1957 -110.50226104735992
1958 -119.89156714101222
1959 -99.43433271618984
1960 -96.27729051213227
1961 -95.68448706914602
1962 -97.54845347702783
1963 -105.1172059993914
1964 -120.17723074567849
1965 -117.39747382443653
1966 -116.22218539886364
1967 -116.22080388909409
1968 -122.24522564412464
1969 -72.1442619632785
1970 -62.579933031381145
1971 -55.82827578350387
1972 -50.07663710731759
1973 -44.84258565223497
1974 -40.04179929050492
1975 -35.7724967800535
1976 -32.34610675287762
1977 -40.66855677871805
1978 -53.09712071625757
1979 -60.86387291034025
1980 -68.18779758455054
1981 -75.3861363051951
1982 -82.56540211978331
1983 -89.75911884598557
1984 -96.98859790870543
1985 -104.31871306636612
1986 -111.99794445023582
1987 -121.10096930255642
1988 -112.13610370271758
1989 -109.76605044785885
1990 -109.24385799714605
1991 -112.51724713003414
1992 -132.70238051709376
1993 -128.3257835879671
1994 -126.24109850506956
1995 -125.06575881970599
1996 -124.29394299866118
1997 -123.46409445438638
1998 -82.40864558593084
1999 -72.26427105285225
2000 -64.73813857959271
2001 -57.92028472275899
2002 -51.64263101572144
2003 -46.05183497042989
2004 -41.45972080997228
2005 -38.37250354095156
2006 -39.15835319904997
2007 -55.27317683878227
2008 -62.35699671762587
2009 -69.6897116097618
2010 -77.39274940484046
2011 -85.37276719283602
2012 -93.53028551506935
2013 -101.7861561821737
2014 -110.09049972637312
2015 -118.46952969123049
2016 -127.41579750962326
2017 -90.11459
2018 -160.882261
2019 -79.827854
2020 -48.100703
2021 -152.314275
2022 -84.079553
2023 84.071723
2024 -47.435276
2025 -124.085409
2026 -2.77888
2027 55.400616
2028 -129.787011
2029 -151.0503
2030 -41.341981
2031 69.763217
2032 31.860425
2033 -69.630446
2034 -53.829914
2035 -36.152952
2036 -30.008099
2037 83.655176
2038 71.316423
2039 68.779655
2040 -64.980756
2041 -34.034766
2042 -30.36134
2043 -22.413885
2044 6.338428
2045 24.090702
2046 -4.108623
2047 -172.967559
