0 -91.129488
1 -88.616933
2 -86.321134
3 -84.259809
4 -82.450547
5 -80.910259
6 -79.65455
7 -78.697043
8 -78.048715
9 -77.717303
10 -77.706863
11 -77.245551
12 -74.059939
13 -71.083569
14 -68.343786
15 -65.870118
16 -63.693577
17 -61.845542
18 -60.356196
19 -59.252592
20 -58.556545
21 -58.282659
22 -58.436869
23 -59.015819
24 -60.007218
25 -61.391087
26 -63.141625
27 -65.22932
28 -67.622951
29 -70.291271
30 -73.204249
31 -76.333881
32 -79.654634
33 -83.143611
34 -86.128605
35 -83.204839
36 -80.485737
37 -77.992708
38 -75.748076
39 -73.774519
40 -72.094302
41 -70.728332
42 -69.69509
43 -69.009522
44 -68.682041
45 -68.717766
46 -69.116134
47 -69.870943
48 -70.97082
49 -72.40004
50 -74.139561
51 -76.168124
52 -76.606558
53 -72.159811
54 -67.790205
55 -63.513663
56 -59.350306
57 -55.325694
58 -51.47238
59 -47.831782
60 -44.434755
61 -41.345541
62 -38.658247
63 -36.461847
64 -34.849284
65 -33.903965
66 -33.682119
67 -34.197827
68 -35.418889
69 -37.276051
70 -39.680099
71 -42.538412
72 -45.765957
73 -49.290253
74 -53.052194
75 -55.402196
76 -55.790613
77 -56.619623
78 -57.870294
79 -59.516049
80 -61.525192
81 -63.863436
82 -66.496073
83 -69.389602
84 -72.512799
85 -75.112423
86 -76.237081
87 -71.969125
88 -67.650731
89 -63.432547
90 -59.335947
91 -55.387915
92 -51.62255
93 -48.082785
94 -44.822101
95 -41.905695
96 -39.410073
97 -37.419519
98 -36.01787
99 -35.275395
100 -35.233792
101 -35.895496
102 -37.223019
103 -39.148687
104 -39.598397
105 -38.713096
106 -34.381064
107 -30.255765
108 -26.434165
109 -23.067701
110 -20.383145
111 -18.676894
112 -18.22581
113 -19.118941
114 -21.186969
115 -24.12968
116 -27.669391
117 -31.606154
118 -35.809255
119 -40.19523
120 -44.46537
121 -40.07911
122 -35.853884
123 -31.853837
124 -28.175039
125 -24.959944
126 -22.409032
127 -20.768502
128 -20.260716
129 -20.968132
130 -22.777807
131 -25.455735
132 -28.401764
133 -29.973496
134 -32.251522
135 -35.098589
136 -38.388295
137 -42.016799
138 -45.903831
139 -49.989118
140 -54.227872
141 -58.586794
142 -63.04096
143 -67.571539
144 -72.16414
145 -76.807639
146 -81.493335
147 -86.214348
148 -88.918976
149 -91.204608
150 -93.701531
151 -96.393325
152 -99.264139
153 -102.298903
154 -105.483467
155 -108.804678
156 -112.250409
157 -111.539292
158 -108.052354
159 -104.68815
160 -101.45889
161 -98.377862
162 -95.459422
163 -92.718924
164 -90.172592
165 -87.837315
166 -85.730341
167 -83.868879
168 -82.269596
169 -80.948032
170 -79.917967
171 -79.190776
172 -78.774847
173 -78.675117
174 -78.892785
175 -79.425242
176 -80.266223
177 -81.406167
178 -82.832733
179 -82.491171
180 -78.463432
181 -74.553518
182 -70.780958
183 -67.168898
184 -63.744629
185 -60.540026
186 -57.591767
187 -54.941137
188 -52.633121
189 -50.714518
190 -49.230877
191 -48.222361
192 -47.719106
193 -47.737092
194 -48.275738
195 -49.317986
196 -50.83287
197 -52.779708
198 -55.112744
199 -57.785218
200 -60.752352
201 -63.97316
202 -67.411291
203 -71.035196
204 -74.817885
205 -78.736477
206 -82.771673
207 -86.90723
208 -82.051944
209 -81.116606
210 -76.406558
211 -70.761172
212 -70.347658
213 -65.115787
214 -59.57871
215 -59.470401
216 -53.825016
217 -48.809762
218 -48.17963
219 -42.534244
220 -38.040814
221 -36.888859
222 -31.243473
223 -27.271866
224 -25.598088
225 -19.952702
226 -16.502918
227 -14.307316
228 -8.661931
229 -5.73397
230 -3.016545
231 0.0
232 2.628841
233 5.034977
234 8.274226
235 13.919612
236 15.803925
237 19.564997
238 25.210383
239 26.572873
240 30.855769
241 36.501154
242 37.341821
243 42.14654
244 47.791926
245 48.110769
246 51.305326
247 46.25532
248 46.068704
249 40.940874
250 36.595885
251 35.968398
252 31.22558
253 27.765148
254 26.834471
255 22.997426
256 20.844389
257 20.035346
258 18.376326
259 18.166292
260 18.376734
261 20.03647
262 21.388787
263 22.999058
264 26.83643
265 28.581231
266 31.227744
267 35.970694
268 35.914493
269 32.05875
270 26.413364
271 25.145545
272 20.767978
273 15.122593
274 14.376598
275 9.477207
276 3.831821
277 3.60765
278 0.0
279 -1.813564
280 -7.161298
281 -7.45895
282 -8.760751
283 -10.105015
284 -10.537741
285 -14.459528
286 -18.073275
287 -19.257536
288 -92.016912
289 -90.239455
290 -85.77167
291 -81.894805
292 -79.526429
293 -73.550156
294 -73.281188
295 -67.035947
296 -65.205506
297 -60.790706
298 -56.860856
299 -54.545465
300 -48.516207
301 -48.300224
302 -42.054983
303 -40.171557
304 -35.809742
305 -31.826908
306 -29.5645
307 -23.482258
308 -23.319259
309 -17.074018
310 -15.137608
311 -10.828777
312 -6.792959
313 -4.583536
314 0.0
315 1.551691
316 1.661705
317 7.906946
318 9.89634
319 14.152187
320 18.24099
321 20.397428
322 26.585639
323 26.64267
324 32.887911
325 34.930289
326 39.133152
327 43.274939
328 45.378393
329 42.844469
330 42.840423
331 36.595182
332 34.499819
333 30.349941
334 26.15517
335 24.1047
336 17.859458
337 17.81052
338 11.614217
339 9.46587
340 5.368976
341 1.121221
342 0.0
343 -0.876265
344 -7.121506
345 -7.223429
346 -13.366747
347 -15.568078
348 -19.611988
349 -23.912728
350 -23.147207
351 -16.901966
352 -16.747058
353 -10.656724
354 -8.402409
355 -4.411483
356 -0.057759
357 0.0
358 1.833758
359 8.078999
360 8.28689
361 14.32424
362 16.63154
363 14.999993
364 10.593285
365 8.754752
366 2.509511
367 2.248635
368 0.0
369 -3.714444
370 -6.063043
371 -9.940827
372 -14.397054
373 -16.181751
374 -22.425078
375 -22.73887
376 -28.66924
377 -31.082207
378 -34.913787
379 -39.4261
380 -41.158545
381 -66.127034
382 -63.295036
383 -57.355014
384 -56.865562
385 -51.414992
386 -47.604091
387 -45.47497
388 -39.534948
389 -38.342619
390 -33.594927
391 -29.081148
392 -27.654905
393 -21.714883
394 -19.819677
395 -15.774861
396 -10.558205
397 -9.83484
398 -3.894818
399 -1.296734
400 0.0
401 2.045204
402 7.964738
403 7.985226
404 13.925248
405 17.226209
406 19.865269
407 25.805291
408 26.48768
409 31.745313
410 35.749152
411 37.685335
412 34.916736
413 33.569321
414 29.164039
415 24.668884
416 23.504714
417 18.026916
418 16.17894
419 12.962853
420 9.301184
421 9.037098
422 8.11606
423 9.100311
424 10.983598
425 15.683627
426 15.83253
427 21.020956
428 23.543821
429 21.68744
430 17.783691
431 17.306622
432 15.255885
433 14.706345
434 14.825387
435 16.655627
436 17.452326
437 20.139399
438 23.757956
439 24.583503
440 29.557902
441 31.557044
442 34.836163
443 39.985037
444 40.299065
445 45.880701
446 47.85472
447 44.898658
448 38.958637
449 38.593249
450 33.018615
451 29.331778
452 27.078593
453 21.138571
454 20.070306
455 15.19855
456 10.808835
457 9.258528
458 3.318506
459 1.547363
460 0.0
461 -2.621516
462 -7.714108
463 -8.561538
464 -14.501559
465 -16.97558
466 -20.441581
467 -21.454679
468 -15.883897
469 -12.284391
470 -10.313114
471 -4.742332
472 -0.944801
473 0.0
474 0.82845
475 6.399233
476 10.394789
477 11.970015
478 17.540797
479 21.734379
480 23.11158
481 28.682362
482 33.07397
483 34.253145
484 39.823927
485 44.41356
486 45.394709
487 44.033283
488 39.245625
489 38.462501
490 32.891718
491 27.906034
492 27.320936
493 21.750154
494 16.566444
495 16.179371
496 10.608589
497 5.226854
498 5.037807
499 0.0
500 -0.532976
501 -6.103758
502 -6.112736
503 -11.67454
504 -17.245323
505 -17.452327
506 -18.738907
507 -13.168125
508 -12.763096
509 -7.597343
510 -2.02656
511 -1.423505
512 0.0
513 3.544222
514 9.115004
515 9.916085
516 14.685787
517 16.799725
518 16.98002
519 18.48396
520 17.827203
521 16.630071
522 12.25642
523 6.685638
524 5.290481
525 1.114856
526 0.0
527 -4.310278
528 -5.897288
529 -9.868164
530 -15.435351
531 -17.225897
532 -21.004444
533 -26.574246
534 -28.563222
535 -32.144387
536 -37.714718
537 -39.901835
538 -43.285165
539 -48.855688
540 -51.24088
541 -54.426265
542 -59.99688
543 -62.580122
544 -65.567523
545 -71.138188
546 -73.919472
547 -63.27415542806705
548 -67.82273073935869
549 -52.56437628866306
550 -49.58187071536574
551 -47.73577220791553
552 -46.31867535593111
553 -45.14487113121529
554 -44.132566374295266
555 -43.23262687078296
556 -42.403308715601895
557 -41.61280313112659
558 -40.96792936799487
559 -41.096298760510535
560 -44.50351038346868
561 -47.766101379389276
562 -45.542798928565276
563 -44.199088542985024
564 -43.310211557449655
565 -42.71516130676987
566 -42.35048660313735
567 -42.18603743513815
568 -42.20354303594111
569 -42.38867938912496
570 -42.727685929495955
571 -43.20585796055971
572 -43.80688176865867
573 -44.51249987668505
574 -45.30216977133996
575 -46.15240073577279
576 -47.035316389322915
577 -47.91551921876859
578 -48.74289832723926
579 -49.43501361635601
580 -49.848545161000565
581 -49.85902990918661
582 -49.626601418572726
583 -49.290220852143655
584 -48.92442866354177
585 -48.575235253285335
586 -48.27506383760124
587 -48.048997218936975
588 -47.91783344748147
589 -47.89999188403405
590 -48.013270839779125
591 -48.27731033661328
592 -48.71813303424577
593 -49.37800837003956
594 -50.33955891022955
595 -51.78988291732853
596 -54.29344446056666
597 -62.54346817242747
598 -60.41067101873265
599 -61.09299322152967
600 -51.07731561934755
601 -46.76036888284782
602 -44.130593066638475
603 -42.279780175999946
604 -40.838345411806586
605 -39.64518041777279
606 -38.62158842970439
607 -37.731024609878155
608 -36.98415233290802
609 -36.48816603015414
610 -36.51964254652142
611 -37.59517448033863
612 -52.88451441828224
613 -43.61359835321335
614 -41.76409384725803
615 -40.67924292597856
616 -39.991705824958316
617 -39.57613931219627
618 -39.371880571437934
619 -39.34415808715508
620 -39.4691952941222
621 -39.72774806707087
622 -40.102084271751295
623 -40.57448468034921
624 -41.12640547609961
625 -41.73784049865544
626 -42.38657025955562
627 -43.04700217355402
628 -43.6882425648587
629 -44.27110005010982
630 -44.74525271914532
631 -45.055792139085135
632 -45.17846448676618
633 -45.15023004441685
634 -45.030616789577564
635 -44.86972048005064
636 -44.70562778406945
637 -44.5681530148783
638 -44.48201958511813
639 -44.46914069989552
640 -44.550569844329104
641 -44.74879221191334
642 -45.09129352181879
643 -45.61721274933611
644 -46.39169579105912
645 -47.5446508934601
646 -49.41274454507731
647 -53.56708839818523
648 -58.23624648366597
649 -57.874651771800444
650 -57.24476767891164
651 -64.0010899779942
652 -45.4901871011889
653 -41.87936153890212
654 -39.56643140675805
655 -37.83653198774955
656 -36.4545382504051
657 -35.30939544356429
658 -34.35212730816084
659 -33.583460818363776
660 -33.06274616510011
661 -32.92545444169326
662 -33.4416300359317
663 -34.89854101423831
664 -42.32512153743603
665 -39.84921316542536
666 -38.5082035634469
667 -37.7009611896964
668 -37.21897390963357
669 -36.97103124278447
670 -36.906744575938994
671 -36.9930348520781
672 -37.20482771157828
673 -37.520737669158535
674 -37.92093075664077
675 -38.38595850919751
676 -38.895983156579916
677 -39.43010193956156
678 -39.96562912504851
679 -40.477349210989225
680 -40.93715215265359
681 -41.315532104827795
682 -41.58794438980488
683 -41.74645759817122
684 -41.805906707580974
685 -41.79536265759235
686 -41.74652402698865
687 -41.68851507012851
688 -41.64721102864707
689 -41.64612953456492
690 -41.707775887606644
691 -41.85536287909033
692 -42.115329871407624
693 -42.521629147817414
694 -43.12391822316705
695 -44.004731304050985
696 -45.32029732390037
697 -47.49894827781934
698 -53.977584895165215
699 -55.15761179499122
700 -55.59463702272032
701 -54.36262775463814
702 -54.64248345109243
703 -44.59382810128018
704 -40.238678554514436
705 -37.43754466318129
706 -35.4176485037324
707 -33.84861998645329
708 -32.57927587059577
709 -31.53974182488157
710 -30.709013838155716
711 -30.106139942055545
712 -29.787800399761576
713 -29.85097115322575
714 -30.541520318876657
715 -34.02346821103342
716 -37.9713494804667
717 -36.41297800956901
718 -35.502799052285255
719 -34.9640114916068
720 -34.682998969008416
721 -34.596116796591076
722 -34.66237891505972
723 -34.851380944628325
724 -35.13805519493804
725 -35.50021396963182
726 -35.91724948885757
727 -36.369312166669005
728 -36.83671360609325
729 -37.29950743951896
730 -37.73735956482209
731 -38.13005120168837
732 -38.45924953174763
733 -38.712052440977786
734 -38.885264542236804
735 -38.987151140467724
736 -39.03480494199051
737 -39.04966158494792
738 -39.05428915690716
739 -39.071088487950234
740 -39.122274867101495
741 -39.23063031945541
742 -39.42095660375156
743 -39.72261603613358
744 -40.17422003218744
745 -40.83333482872716
746 -41.8015569015285
747 -43.306991986863295
748 -46.30004227771567
749 -49.21968148117411
750 -52.03906513892263
751 -53.448783613363226
752 -51.843019936719045
753 -51.31063922246721
754 -58.62873146827327
755 -39.00159776378932
756 -35.59143131925888
757 -33.29918076285485
758 -31.553931851161146
759 -30.163771106510147
760 -29.03573633036157
761 -28.127155827856214
762 -27.427681735589363
763 -26.950252426779144
764 -26.729058769048027
765 -26.838108500388582
766 -27.390829390839485
767 -36.89759265676491
768 -34.25844048735036
769 -33.246634133146166
770 -32.68031741505393
771 -32.38967704276627
772 -32.30161772939171
773 -32.36994660308862
774 -32.560006159588895
775 -32.84333083844887
776 -33.19537056894058
777 -33.59428512243824
778 -34.02010864376856
779 -34.45415097871856
780 -34.87867288332076
781 -35.27693069805122
782 -35.633744527238264
783 -35.93674755031178
784 -36.17823469456155
785 -36.35694750198921
786 -36.47871088975589
787 -36.5554327530411
788 -36.603187314787604
789 -36.64048966825359
790 -36.687318151039406
791 -36.76490337767076
792 -36.896182181373426
793 -37.106991476752526
794 -37.428469109506736
795 -37.901872843768096
796 -38.58863624750131
797 -39.59633178539898
798 -41.22365309618328
799 -46.17943206644493
800 -46.25718564343793
801 -49.06506943349084
802 -51.4350086688127
803 -49.65528355721177
804 -48.65776257016154
805 -48.18804623159655
806 -37.881259535121714
807 -33.93049348053592
808 -31.33810730324146
809 -29.42526367088263
810 -27.924330860289153
811 -26.712178338939008
812 -25.726565886035722
813 -24.936211864035187
814 -24.32815227252764
815 -23.90204074364586
816 -23.674727404166465
817 -23.74041971726662
818 -24.266236253410543
819 -31.794479806869205
820 -30.815991699382604
821 -30.28075407889492
822 -30.01637774811718
823 -29.9573850309674
824 -30.055726306306056
825 -30.274006964665105
826 -30.58074498314474
827 -30.949174131358166
828 -31.356368439876032
829 -31.78231101726335
830 -32.20915693039868
831 -32.62084886897768
832 -33.00312815152353
833 -33.343947472398064
834 -33.6342512469487
835 -33.86896215254702
836 -34.04782323761246
837 -34.1756862686309
838 -34.262090500151714
839 -34.32038279681696
840 -34.36681800653592
841 -34.41996049642955
842 -34.50050793381318
843 -34.63157139460501
844 -34.83954845590446
845 -35.15613364980278
846 -35.62321569673767
847 -36.30601004125004
848 -37.32481216258722
849 -39.12947441198335
850 -42.225626641040755
851 -43.48826089013096
852 -46.22600798283083
853 -49.55255461735842
854 -47.682404263751735
855 -46.37312674569078
856 -45.38738913744728
857 -46.66866001545454
858 -32.401093401577846
859 -29.43291566072629
860 -27.372586312901696
861 -25.776444114667303
862 -24.492601830510658
863 -23.441278326581045
864 -22.57565328235978
865 -21.866270362352
866 -21.293686074005297
867 -20.847494894732378
868 -20.53410141380571
869 -20.43553357728219
870 -22.510441561812776
871 -28.14423844257389
872 -27.673874640888112
873 -27.49751207723353
874 -27.51001222237884
875 -27.674986743440346
876 -27.95471561662457
877 -28.314972397288738
878 -28.727256574634435
879 -29.168196889208875
880 -29.618164651592455
881 -30.06023270095465
882 -30.47968894998607
883 -30.863995133132253
884 -31.203065852208827
885 -31.489760050574567
886 -31.720448055871728
887 -31.89546969635149
888 -32.01930940950492
889 -32.10042867638623
890 -32.15085672736593
891 -32.185734122113494
892 -32.222985700634894
893 -32.28321599902216
894 -32.389841495766056
895 -32.569499228071805
896 -32.853102220645965
897 -33.2788717026232
898 -33.90557198071179
899 -34.90501907428653
900 -38.170787788052095
901 -39.517921763133494
902 -40.98641245591664
903 -43.537490164681536
904 -47.80666124948306
905 -45.89975045388728
906 -44.40983548433216
907 -43.102129551843205
908 -41.832604460741706
909 -30.955095036567325
910 -27.570781069761054
911 -25.340153898161926
912 -23.662158014918564
913 -22.324509001123435
914 -21.225486031617756
915 -20.305611317525354
916 -19.52414130325957
917 -18.849869904873504
918 -18.25750017038773
919 -17.72956489847972
920 -17.272035946675256
921 -16.861227512884668
922 -24.25432305615425
923 -24.754840416738766
924 -24.75950537807595
925 -24.903449280382837
926 -25.18640444261524
927 -25.57074067002046
928 -26.020068156607337
929 -26.506018774742362
930 -27.006622605778567
931 -27.503729188992292
932 -27.98171142129772
933 -28.427081961526408
934 -28.828550242583024
935 -29.177285859410738
936 -29.4672799107857
937 -29.69572340842281
938 -29.863314180885943
939 -29.97441268088211
940 -30.037015443499918
941 -30.06258549037969
942 -30.06583367602152
943 -30.06455841112214
944 -30.079610497698944
945 -30.134916139779538
946 -30.25726766640371
947 -30.475816002171108
948 -30.822049564590014
949 -31.31656851677413
950 -32.01411469859879
951 -35.31676610115809
952 -37.06545906899348
953 -38.75889128478957
954 -41.12453089620147
955 -46.2062906888808
956 -44.292427013129796
957 -42.678837123926684
958 -41.13715373770881
959 -39.53590133826897
960 -37.63166211052572
961 -25.699377647784814
962 -23.269123054087867
963 -21.536281808017474
964 -20.167514539733045
965 -19.043383960506425
966 -18.093752030272547
967 -17.269445738810866
968 -16.53154031479568
969 -15.84630824815166
970 -15.183188736548873
971 -14.515519795099161
972 -13.846629684831232
973 -13.222175915255656
974 -21.358294261111705
975 -21.667077615820585
976 -22.065137962214614
977 -22.54613583751864
978 -23.094372279396744
979 -23.67531595452349
980 -24.26764007437619
981 -24.85505605773424
982 -25.42275540875821
983 -25.95701536188275
984 -26.44558803502835
985 -26.878152936378907
986 -27.24670499429837
987 -27.54589394444015
988 -27.77333401821493
989 -27.929872056162512
990 -28.019779561769813
991 -28.050836899092076
992 -28.034305411682286
993 -27.98482348006949
994 -27.920303292401282
995 -27.86193091136878
996 -27.834238273770257
997 -27.86432127796215
998 -27.977347028813156
999 -28.19151009469655
1000 -28.549455268974967
1001 -29.95382296676702
1002 -32.82835947128339
1003 -34.673218749297845
1004 -36.632966448252354
1005 -33.495995205799666
1006 -44.7620625875905
1007 -42.85526540102581
1008 -41.154825081819084
1009 -39.46164479240528
1010 -37.67144661501131
1011 -35.59485838342896
1012 -23.850344270253377
1013 -21.15432422046208
1014 -19.364322656678297
1015 -17.986875878202607
1016 -16.864139088418803
1017 -15.91218672648658
1018 -15.07478398364377
1019 -14.307730779996893
1020 -13.572429499559721
1021 -12.832109813762605
1022 -12.049422790528016
1023 -11.183418044609054
1024 -10.169393374144432
1025 -9.495847952130154
1026 -18.118466750357854
1027 -18.876792900723252
1028 -19.707493545059894
1029 -20.502104912273143
1030 -21.263000523676425
1031 -21.996962650989254
1032 -22.700276875395407
1033 -23.363491888428484
1034 -23.97529687616622
1035 -24.524722267912416
1036 -25.002281066445622
1037 -25.400558207681005
1038 -25.714564173758454
1039 -25.942025861153763
1040 -26.083680531925886
1041 -26.14356052710273
1042 -26.12921115863383
1043 -26.051779714208383
1044 -25.92594420887549
1045 -25.769696439809632
1046 -25.604109609563466
1047 -25.453520192815112
1048 -25.34583407061067
1049 -25.303114426725287
1050 -25.272232388976555
1051 -24.98050944531617
1052 -28.243821114879935
1053 -30.297632897782634
1054 -31.855327546811235
1055 -26.518070869571364
1056 -29.567443405147486
1057 -43.48573065106641
1058 -41.58898038843805
1059 -39.82241519895544
1060 -38.01225409709228
1061 -36.05594752699132
1062 -33.77551031262828
1063 -29.943061182540724
1064 -18.93668468666401
1065 -17.095274498268108
1066 -15.748097465290876
1067 -14.65894054380416
1068 -13.735468851806555
1069 -12.915792333322571
1070 -12.152253965838122
1071 -11.404065303873288
1072 -10.632136894749339
1073 -9.794752365438232
1074 -8.84207334626863
1075 -7.709468710202282
1076 -6.233428637566449
1077 -12.522581431484385
1078 -15.128133633991657
1079 -16.646684683780748
1080 -17.773597041072364
1081 -18.763469900189605
1082 -19.677649390407545
1083 -20.529790079881188
1084 -21.3166655547627
1085 -22.029587527884694
1086 -22.658995946354317
1087 -23.196331503660957
1088 -23.63476582252335
1089 -23.969520799385908
1090 -24.198140345397366
1091 -24.320861002220248
1092 -24.34107350238471
1093 -24.26575688768969
1094 -24.105727787827902
1095 -23.87558754178858
1096 -23.593224491068447
1097 -23.278550504678005
1098 -22.95187054594398
1099 -22.63617949587943
1100 -22.36469303147225
1101 -22.11313192818308
1102 -21.46584346588115
1103 -25.550927691480037
1104 -23.908516483468176
1105 -22.63654008579473
1106 -24.44244553121541
1107 -28.004755320092194
1108 -42.38935973545742
1109 -40.497054034251036
1110 -38.67421592468654
1111 -36.76884482403038
1112 -34.69439625865439
1113 -32.343814797050584
1114 -29.455162408003893
1115 -16.561758862340223
1116 -14.703426955588297
1117 -13.417696837237697
1118 -12.39863642890491
1119 -11.539416957850964
1120 -10.77006238227028
1121 -10.041684608803498
1122 -9.314171387736106
1123 -8.54917612731098
1124 -7.70541221891338
1125 -6.73325106674409
1126 -5.562410382508034
1127 -4.06386587428669
1128 -1.9120807432191231
1129 -11.278558538878714
1130 -13.316750992612642
1131 -14.86418143935117
1132 -16.142494801058675
1133 -17.2867420246746
1134 -18.32940806005958
1135 -19.274211977185708
1136 -20.115848354951414
1137 -20.84692614878416
1138 -21.46047205786437
1139 -21.95065322307522
1140 -22.312956760212423
1141 -22.544415248696623
1142 -22.64411512495334
1143 -22.613974835021377
1144 -22.459557551538587
1145 -22.19057045618244
1146 -21.82088581831019
1147 -21.3680284449826
1148 -20.85050644145954
1149 -20.278386363981596
1150 -19.637476831473922
1151 -18.90801937337824
1152 -17.864218210951755
1153 -20.534730551435604
1154 -16.575442893699798
1155 -19.258654923015527
1156 -21.30464808221311
1157 -23.331177700019964
1158 -26.99946661789882
1159 -41.48446337898534
1160 -39.58438828129264
1161 -37.70820502631925
1162 -35.72036912493908
1163 -33.544266874418476
1164 -31.08048351044011
1165 -28.082802334228948
1166 -22.956865130676356
1167 -12.135903473567137
1168 -10.936935091269891
1169 -10.050776233335535
1170 -9.300969803515473
1171 -8.616538516055233
1172 -7.9540574748659925
1173 -7.27802352033735
1174 -6.553330943870204
1175 -5.741642499376271
1176 -4.797835857069246
1177 -3.6640927790466526
1178 -2.2579417734130547
1179 -0.38305560255081483
1180 7.829916271175519
1181 -9.523098792581532
1182 -11.648561458217403
1183 -13.334389876084114
1184 -14.789830484174846
1185 -16.08184192096602
1186 -17.228935087298925
1187 -18.232790451565062
1188 -19.090682092148185
1189 -19.799069045346055
1190 -20.35426738493771
1191 -20.752409692104596
1192 -20.989606121600502
1193 -21.0626750057794
1194 -20.970459773244784
1195 -20.715314672459876
1196 -20.30387744014558
1197 -19.746703223065495
1198 -19.058455728869486
1199 -18.2578745035198
1200 -17.3508141787258
1201 -16.239408070508105
1202 -14.56370134873267
1203 -12.171422772347617
1204 -12.999278380137017
1205 -16.018449639521624
1206 -18.42226291742388
1207 -20.576268184539202
1208 -22.714659502059835
1209 -26.411545900920533
1210 -40.78100934512167
1211 -38.855936288876784
1212 -36.92470881788428
1213 -34.86179748520873
1214 -32.59650654269522
1215 -30.043445501922253
1216 -27.059458977904956
1217 -23.297140642061244
1218 -9.017063664036112
1219 -8.235736396449669
1220 -7.586503685904415
1221 -6.998965834912011
1222 -6.434455882976584
1223 -5.8675898786006115
1224 -5.271975032825195
1225 -4.617292535470093
1226 -3.868855295398208
1227 -2.985845653882182
1228 -1.91662861279753
1229 -0.5848944662114552
1230 1.1547943420729283
1231 3.626068830923397
1232 -3.7312674521438103
1233 -7.817526399872645
1234 -10.238510119311785
1235 -12.139057136394625
1236 -13.766969813877514
1237 -15.175358608089361
1238 -16.382451954687486
1239 -17.396160357513626
1240 -18.220361815281976
1241 -18.85590195332323
1242 -19.300446550719325
1243 -19.548623794111695
1244 -19.59305458486515
1245 -19.42648265173558
1246 -19.044532417978267
1247 -18.44683155538884
1248 -17.63302973372482
1249 -16.59836884230799
1250 -15.350980861349914
1251 -13.87047080079643
1252 -12.312703676063398
1253 -1.3272864502273096
1254 -8.876754083461245
1255 -12.761583127446787
1256 -15.614292749034488
1257 -18.02010828060905
1258 -20.223069875056037
1259 -22.440139072626422
1260 -26.21673676195911
1261 -40.286356282103995
1262 -38.315458842132074
1263 -36.32465565987654
1264 -34.19212708664516
1265 -31.85045816355238
1266 -29.219537581230373
1267 -26.156106036090886
1268 -22.283094998952965
1269 -15.87860341681086
1270 -5.2425490304799025
1271 -4.97579866401193
1272 -4.610047229152655
1273 -4.199658354709975
1274 -3.7586565318479703
1275 -3.2726467971948496
1276 -2.716420576803463
1277 -2.058968628382447
1278 -1.2631165477743995
1279 -0.28141631085023955
1280 0.9548911367532773
1281 2.5656237522868333
1282 4.839731074588138
1283 9.077025403748797
1284 -3.3794390095119056
1285 -6.669757306407542
1286 -9.268246079230789
1287 -11.36351192339485
1288 -13.111874004656684
1289 -14.571456844423292
1290 -15.773229518594254
1291 -16.736030536892272
1292 -17.46944959627271
1293 -17.97430707129188
1294 -18.242979299339975
1295 -18.26066839444865
1296 -18.008320822889875
1297 -17.467572380921478
1298 -16.624484707123905
1299 -15.45386603102983
1300 -13.868357597264193
1301 -11.695422282128105
1302 -8.990843007492993
1303 6.920150088404298
1304 -2.3773699327979427
1305 -9.606384624626747
1306 -12.846101660532229
1307 -15.527610973774749
1308 -17.91034643413105
1309 -20.151448355438617
1310 -22.446822212275286
1311 -26.401052965755653
1312 -40.0042904738493
1313 -37.96438889286619
1314 -35.90761185488643
1315 -33.709824529728614
1316 -31.30571911678329
1317 -28.622072582037557
1318 -25.539045240570807
1319 -21.811974039975677
1320 -16.729547411181958
1321 -1.4115644662426203
1322 -2.173887737409377
1323 -2.093316770864982
1324 -1.8767396235246845
1325 -1.5992456662915777
1326 -1.2561900489295774
1327 -0.8284861834901498
1328 -0.2897549369855729
1329 0.3927170192724362
1330 1.2608356112668881
1331 2.3737950046219956
1332 3.8265997192959023
1333 5.79292876519384
1334 8.696576774487394
1335 13.975419108581784
1336 -2.373877414879528
1337 -6.090186795293917
1338 -8.850877233390422
1339 -11.044462421169891
1340 -12.81270871658188
1341 -14.235690561253923
1342 -15.360166214597301
1343 -16.211102744696728
1344 -16.79509803627872
1345 -17.101312568029954
1346 -17.102582412298048
1347 -16.757825753209346
1348 -16.016925531064505
1349 -14.836817019022751
1350 -13.147436834817293
1351 -10.738499777681243
1352 -4.599144708961171
1353 7.895306747243026
1354 7.659630206727546
1355 -6.279380045348311
1356 -10.147718056242258
1357 -13.100916022715626
1358 -15.66847061035476
1359 -18.02777513398441
1360 -20.30666093563231
1361 -22.696211114617608
1362 -26.94082510733656
1363 -39.934368179396984
1364 -37.801011209571534
1365 -35.670316714546644
1366 -33.40985626665144
1367 -30.955664836066884
1368 -28.24461869800735
1369 -25.188248405937948
1370 -21.6379646579695
1371 -17.28081194353897
1372 -10.622730611787045
1373 0.8946395187036777
1374 0.662082330154494
1375 0.5877285606556623
1376 0.6437656085494486
1377 0.8019656264433966
1378 1.0669488244235592
1379 1.457420892844979
1380 1.9995287754307514
1381 2.727374022835504
1382 3.6882867649147353
1383 4.955164690413394
1384 6.657206148619031
1385 9.075998994436182
1386 12.791661563546116
1387 3.6624197267379204
1388 -2.3511133389210093
1389 -6.220937765013173
1390 -8.99246193526282
1391 -11.126579204548369
1392 -12.800128855818645
1393 -14.106929504610527
1394 -15.096734107700232
1395 -15.786010742986607
1396 -16.159754640902307
1397 -16.171530482259595
1398 -15.743146014730149
1399 -14.754361464847726
1400 -13.006108310710104
1401 -10.686140976788387
1402 4.665456739323725
1403 6.443030540624876
1404 7.471377486177609
1405 4.874736654974367
1406 -6.850490426550053
1407 -10.631337705650877
1408 -13.47158080823683
1409 -15.971322135186362
1410 -18.320372082558965
1411 -20.646684826173246
1412 -23.153887314127992
1413 -27.799765249806747
1414 -40.07171643851464
1415 -37.82017041206241
1416 -35.606231943100354
1417 -33.28291097207249
1418 -30.785253740378106
1419 -28.057594981675777
1420 -25.032130668139
1421 -21.609457707472966
1422 -17.609563533731002
1423 -12.443312235318366
1424 6.654639259358733
1425 3.8182901352940077
1426 3.2505254096616536
1427 3.0076990090610156
1428 2.9270200641897968
1429 2.988840862789844
1430 3.19888294322481
1431 3.573474102039902
1432 4.136310611545435
1433 4.920762831067467
1434 5.9776924409212775
1435 7.3934360200776545
1436 9.336952444068265
1437 12.296092066107727
1438 20.11320669536865
1439 1.6172568356577781
1440 -3.4858208070297647
1441 -6.988413994783026
1442 -9.5393030454098
1443 -11.482441870960539
1444 -12.98593717801305
1445 -14.13689549770446
1446 -14.968812136004361
1447 -15.462550759604673
1448 -15.541904153706533
1449 -15.06957515843973
1450 -13.828091824452972
1451 -11.236746343523187
1452 1.886060594033697
1453 4.105648449466395
1454 5.775388245216193
1455 8.051009171290834
1456 -3.817690500867802
1457 -8.08581621412344
1458 -11.285033220717013
1459 -13.964712793315325
1460 -16.401267199187316
1461 -18.748512779397366
1462 -21.134454051918933
1463 -23.784550356357965
1464 -28.932325879958576
1465 -40.40729603261818
1466 -38.01348796907345
1467 -35.706052689632095
1468 -33.31707804939358
1469 -30.77714756886017
1470 -28.032898366342955
1471 -25.024282202689854
1472 -21.66380191065565
1473 -17.780434328220576
1474 -12.902269365509678
1475 -5.333691589042591
1476 7.30177754413112
1477 6.217239338744651
1478 5.539419999363139
1479 5.144998861606404
1480 4.954491961553566
1481 4.948479726236574
1482 5.128789747285688
1483 5.505610177255815
1484 6.096089847470547
1485 6.928116645842917
1486 8.049678887484584
1487 9.550542106473639
1488 11.61020265279092
1489 14.528539742708652
1490 13.521812855824754
1491 -0.5745496621035453
1492 -5.079395986708769
1493 -8.075212566016903
1494 -10.290904049781696
1495 -11.994285033020564
1496 -13.327359460223155
1497 -14.356538244745709
1498 -15.067304452519544
1499 -15.328207570601755
1500 -14.921221549687981
1501 -13.046283046522845
1502 -0.4688570895984636
1503 1.7716184324485378
1504 3.578865368837285
1505 5.629054691359337
1506 6.13939043773837
1507 -5.621344532633084
1508 -9.244809342882963
1509 -12.057114245425018
1510 -14.560251343016484
1511 -16.92830807417769
1512 -19.27771172807664
1513 -21.734162685618887
1514 -24.55042316214566
1515 -30.287970639036505
1516 -40.92847681504931
1517 -38.36983839875018
1518 -35.95850826441794
1519 -33.49971695641445
1520 -30.9162422386701
1521 -28.153031604200194
1522 -25.151673399974836
1523 -21.83066460456234
1524 -18.050523161729384
1525 -13.536281389803104
1526 -7.499627389633856
1527 15.767458624186009
1528 9.659225888268152
1529 8.287101798694545
1530 7.484413675140212
1531 6.97916731881846
1532 6.716306924006736
1533 6.67612156421411
1534 6.850870584535522
1535 7.238886540574192
1536 7.844651396304831
1537 8.681866887929166
1538 9.77921985702764
1539 11.192586572987185
1540 13.074917773660387
1541 15.63609164960601
1542 2.298328618001872
1543 -3.2145798284897826
1544 -6.740057064202924
1545 -9.21624696871216
1546 -11.104219285972412
1547 -12.63141056593267
1548 -13.931497606790902
1549 -15.075893638034536
1550 -15.782967294982402
1551 -16.609551505962646
1552 -2.4806622747578833
1553 -0.2247548364704571
1554 1.5539669434030623
1555 3.2478507890606516
1556 5.577698883767353
1557 -4.04379412580597
1558 -7.547394422166708
1559 -10.377687245222917
1560 -12.871633209158722
1561 -15.215032589614527
1562 -17.51780560271188
1563 -19.873313420313718
1564 -22.408470389639454
1565 -25.409526170900264
1566 -31.813061184917053
1567 -41.61970249807306
1568 -38.875798752180955
1569 -36.350852470729706
1570 -33.818077097700616
1571 -31.18984856798361
1572 -28.407219671281403
1573 -25.411522898156246
1574 -22.126251613854723
1575 -18.43121365936465
1576 -14.100290166184845
1577 -8.588664344162137
1578 -0.30275081771164275
1579 13.490820793370977
1580 11.3790614760053
1581 9.984155727001356
1582 9.074696311215485
1583 8.506327226384053
1584 8.219976752042284
1585 8.1825100719169
1586 8.369692880173881
1587 8.762319791530645
1588 9.345218577472254
1589 10.106865195264074
1590 11.039309828147962
1591 12.139004381786417
1592 13.461783382189187
1593 17.61843856531802
1594 -1.499273262304485
1595 -5.514831713863829
1596 -8.218524529473994
1597 -10.244168725811292
1598 -11.951711401324816
1599 -13.585806469593276
1600 -15.478762272168936
1601 -9.30018462551326
1602 -3.7694694011244834
1603 -1.6762323924134135
1604 -0.08531734156748251
1605 1.2497149457300731
1606 2.7415026226709442
1607 2.6294064186328683
1608 -6.370926461480485
1609 -9.106963934503224
1610 -11.450030284084013
1611 -13.681591249381842
1612 -15.88756181977179
1613 -18.134198653598258
1614 -20.499941879320126
1615 -23.116886465224162
1616 -26.311662352515583
1617 -33.44698269448078
1618 -42.46304035879038
1619 -39.51590702581369
1620 -36.86892463512271
1621 -34.25893182292207
1622 -31.585992968060363
1623 -28.78611538648081
1624 -25.799774262305736
1625 -22.55474823371443
1626 -18.946263848681788
1627 -14.800562480955318
1628 -9.78959920722666
1629 -2.955364698811875
1630 26.568529072450286
1631 14.995745278437376
1632 12.67508443173668
1633 11.246665457985177
1634 10.312664989133127
1635 9.755570800382287
1636 9.503024016070917
1637 9.501757898611256
1638 9.707705405010811
1639 10.080914520990557
1640 10.58220085361638
1641 11.170256760169307
1642 11.8006846465429
1643 12.437133635298666
1644 12.987381515391746
1645 2.663767826757428
1646 -4.250308939093791
1647 -7.213348210374217
1648 -9.26128719693622
1649 -11.051567547983108
1650 -13.18507482627663
1651 -5.075648343334422
1652 -3.6036096565063342
1653 -2.1970362093966602
1654 -1.0565882039422503
1655 -0.1312212286971878
1656 0.6906868980362506
1657 1.6221534735430974
1658 -6.129039375212997
1659 -8.31740258567408
1660 -10.3916042087271
1661 -12.409282843378348
1662 -14.4450069565864
1663 -16.542004342937446
1664 -18.744954086319794
1665 -21.123815529059893
1666 -23.816603742484514
1667 -27.18999988311253
1668 -35.09618571812535
1669 -43.43846200977694
1670 -40.272677678510796
1671 -37.496938043883866
1672 -34.80794075085413
1673 -32.09191696988344
1674 -29.279112849051693
1675 -26.308919419894725
1676 -23.113066601408203
1677 -19.599402977414083
1678 -15.62483743435692
1679 -10.92637122363869
1680 -4.897649594724281
1681 4.007661413249089
1682 19.103959037865977
1683 15.685279897298631
1684 13.492156451757992
1685 12.112980642656808
1686 11.265489357122442
1687 10.805120674906918
1688 10.63965565717979
1689 10.697812976358952
1690 10.916931833093411
1691 11.23671046500821
1692 11.595592527552457
1693 11.928682727634678
1694 12.1665537618253
1695 12.247979095127803
1696 12.103427819117845
1697 -3.082852151861887
1698 -6.001624153687562
1699 -7.766809024345376
1700 -7.465357747556594
1701 -2.076103341436892
1702 -1.966531141853521
1703 -1.5705177753652462
1704 -1.1302501761236996
1705 -0.7382741842880423
1706 -0.43984483781276557
1707 -0.1884113161856742
1708 -3.976638812235804
1709 -8.044852114941065
1710 -9.768596761801003
1711 -11.458128128181468
1712 -13.241185119237723
1713 -15.133233690299676
1714 -17.15007922283776
1715 -19.323328250826545
1716 -21.71709239517369
1717 -24.470841779200416
1718 -27.96889639263439
1719 -36.314698457651346
1720 -44.52371847210431
1721 -41.126344625728095
1722 -38.217146497983485
1723 -35.449141850302276
1724 -32.693272175328666
1725 -29.873386017851022
1726 -26.92762202131956
1727 -23.79145953772188
1728 -20.383784504570308
1729 -16.58680483474725
1730 -12.20558946311474
1731 -6.865290181509887
1732 0.587909739944986
1733 41.16305037658616
1734 19.064529789602332
1735 15.744567021043427
1736 13.861089083800133
1737 12.718034764687602
1738 12.071594794779703
1739 11.780029975477804
1740 11.742304928426746
1741 11.873880498181496
1742 12.095921055480245
1743 12.33081688940904
1744 12.50070038030511
1745 12.526306929644115
1746 12.322232816434964
1747 11.754342983195706
1748 9.847742385569118
1749 -4.335715134555368
1750 1.1929384505732858
1751 0.7157977851578449
1752 0.20302560279847762
1753 -0.11029358301917998
1754 -0.29992123714917046
1755 -0.4612044821368086
1756 -0.7023480986555266
1757 -1.1392677444976291
1758 -1.842578907308509
1759 -8.965402093372951
1760 -9.668527173186565
1761 -10.871090156743081
1762 -12.307450086242877
1763 -13.931570230535202
1764 -15.725806211280068
1765 -17.690775956630816
1766 -19.849829029477615
1767 -22.26219124757123
1768 -25.06363801499204
1769 -28.63030538376745
1770 -36.972774982226824
1771 -45.693598295783644
1772 -42.05424667964891
1773 -39.00944942635992
1774 -36.16469053429201
1775 -33.37391814197435
1776 -30.55383577970898
1777 -27.64110562782382
1778 -24.574838143948682
1779 -21.284284942459863
1780 -17.673833746220684
1781 -13.595289872027855
1782 -8.775135192238412
1783 -2.593638559491017
1784 6.3576156469460745
1785 22.534915524586214
1786 17.978488669085042
1787 15.494956208220367
1788 14.069185480828803
1789 13.277538798665415
1790 12.914100420373934
1791 12.847546367946947
1792 12.972542935679652
1793 13.192239930608432
1794 13.412796205841524
1795 13.543960775774943
1796 13.499832610387074
1797 13.192425025662212
1798 12.522333506687305
1799 11.196579112763757
1800 5.1082703350096175
1801 3.5467545407861563
1802 2.6308506976960895
1803 1.8783496764342988
1804 1.2293090428217937
1805 0.6258260554438533
1806 -0.03148849843448278
1807 -0.8875831434701892
1808 -2.217108844800979
1809 -12.253929334753826
1810 -10.29219061387325
1811 -10.69780799113681
1812 -11.650253580915953
1813 -12.93646672830933
1814 -14.467620246018821
1815 -16.207509791186816
1816 -18.14914322097552
1817 -20.311801533060127
1818 -22.751723335841255
1819 -25.60099741813167
1820 -29.22864609531498
1821 -37.65976003627357
1822 -46.918087048954874
1823 -43.02966685200003
1824 -39.85096867392801
1825 -36.93490248221902
1826 -34.11622598183684
1827 -31.303630795087034
1828 -28.432027441151916
1829 -25.443959721072616
1830 -22.278342121336767
1831 -18.85926705852244
1832 -15.078933708822147
1833 -10.764153599205194
1834 -5.595595884211144
1835 1.3985771356484624
1836 39.205270652388634
1837 20.05595963583862
1838 16.915636372942075
1839 15.270150063741537
1840 14.394993887943496
1841 14.031050966587785
1842 14.021363741671554
1843 14.242934433368648
1844 14.581076053951024
1845 14.923375120199903
1846 15.164936838611906
1847 15.241170623535552
1848 14.986357651123846
1849 17.624954622688776
1850 18.180769159115957
1851 16.610892877020728
1852 5.601378036086146
1853 4.448140509665244
1854 3.3651320823056463
1855 2.382607597504397
1856 1.4106352031331426
1857 0.2993331050580426
1858 -1.237443163132105
1859 -3.8116960871276593
1860 -11.149631987453663
1861 -10.728624436990566
1862 -11.17856174376335
1863 -12.094829489332573
1864 -13.33911098019658
1865 -14.841097708853749
1866 -16.568431967179745
1867 -18.515270044415093
1868 -20.701465618791524
1869 -23.18358518023878
1870 -26.09418631849132
1871 -29.80633115567394
1872 -38.44416194382322
1873 -48.15815782281401
1874 -44.019855310751915
1875 -40.715786867495424
1876 -37.738770120344874
1877 -34.901897216975186
1878 -32.10523970203397
1879 -29.28183420256925
1880 -26.377369680536457
1881 -23.339388514602597
1882 -20.10873642368723
1883 -16.60918304613553
1884 -12.729206655715481
1885 -8.274600046046846
1886 -2.830291517051407
1887 4.314505544439529
1888 21.793538441566067
1889 18.132577196524245
1890 16.286616864809172
1891 15.39744156601024
1892 15.120678232466846
1893 15.277592033804739
1894 15.736641798651915
1895 16.371330933759896
1896 17.04759146368326
1897 17.69431165351197
1898 18.217186680842406
1899 23.32332707497793
1900 21.15284008133195
1901 19.90639305208338
1902 19.027854719437148
1903 14.393327010586061
1904 6.507261423166372
1905 4.8931388839607495
1906 3.5085182011148253
1907 2.19023885617695
1908 0.7003660167636901
1909 -1.5176269649592842
1910 -16.136055124578682
1911 -10.591561193337073
1912 -10.623602591636933
1913 -11.248356483545573
1914 -12.243613595105941
1915 -13.52584329152121
1916 -15.052383349965753
1917 -16.804394271943703
1918 -18.78327342398742
1919 -21.013567325805905
1920 -23.555920860527067
1921 -26.548512485202654
1922 -30.378810453122764
1923 -39.3378194146609
1924 -49.35553331062711
1925 -44.983449753378565
1926 -41.575647112704445
1927 -38.55535347496325
1928 -35.713372528790906
1929 -32.9418739061639
1930 -30.17246718814505
1931 -27.35375842373777
1932 -24.440596693314543
1933 -21.387096478401098
1934 -18.13992431251405
1935 -14.62843907291228
1936 -10.744942581015728
1937 -6.291001434582189
1938 -0.5677349868177011
1939 21.27634982972977
1940 19.102690119340746
1941 17.075621089447637
1942 16.260640581836423
1943 16.17383777853074
1944 16.639920828824458
1945 17.547569317022045
1946 18.812240058280207
1947 20.239345853933504
1948 23.44125806470124
1949 25.887834277361595
1950 23.54181472403669
1951 22.01231780910946
1952 20.949188267224137
1953 20.254764585705782
1954 20.037708866023127
1955 9.69093447329074
1956 6.619722981643012
1957 4.668859811497805
1958 3.0369629773951208
1959 1.281700774706243
1960 -1.2105116668123581
1961 -9.233217521607203
1962 -9.56391129495074
1963 -10.135387010021983
1964 -11.010928981662452
1965 -12.14789576916805
1966 -13.519066845239857
1967 -15.109482499910152
1968 -16.916018679720892
1969 -18.950007205851733
1970 -21.2434785919236
1971 -23.864471556702586
1972 -26.96159021973863
1973 -30.945469483012477
1974 -40.33359866623243
1975 -50.4078836782994
1976 -45.871620642894385
1977 -42.40368988067767
1978 -39.36654437712334
1979 -36.53581134340968
1980 -33.799171457255326
1981 -31.08815068499728
1982 -28.35424474122997
1983 -25.55823738347869
1984 -22.664172337654314
1985 -19.634608885585
1986 -16.42462613156853
1987 -12.969654201507048
1988 -9.149056076292778
1989 -4.680334361662272
1990 0.9415825067042406
1991 19.88366513845215
1992 17.661680380999528
1993 16.965448165646915
1994 17.181282330640773
1995 18.14440328283666
1996 19.90513711365094
1997 22.25144929210356
1998 42.785339042694744
1999 27.67698564737698
2000 25.36344574253904
2001 23.665106357045463
2002 22.449918393768307
2003 21.574789187458908
2004 20.99058117515358
2005 20.727071706196188
2006 20.943821501961207
2007 8.2235798209259
2008 5.850959901626085
2009 3.982320060182193
2010 2.0163385959851485
2011 -6.109024044909685
2012 -7.431531215535965
2013 -8.422968387395764
2014 -9.422577274012468
2015 -10.55328380471623
2016 -11.856260458769164
2017 -13.344169249971834
2018 -15.02400382555473
2019 -16.906637200272662
2020 -19.01360027646288
2021 -21.385859016902053
2022 -24.101451774427005
2023 -27.323742248824924
2024 -31.494589039466028
2025 -41.41355779488855
2026 -51.18778414466419
2027 -46.648549735125556
2028 -43.182992546196886
2029 -40.16091898794658
2030 -37.35925142498756
2031 -34.66681633893837
2032 -32.016981893976144
2033 -29.364218664588083
2034 -26.673922501362618
2035 -23.917117324578637
2036 -21.0668652474387
2037 -18.09430793668442
2038 -14.961239636766605
2039 -11.602298020228227
2040 -7.873631330131961
2041 -3.213567114375474
2042 10.479016812440102
2043 17.98694303654111
2044 17.478750663986084
2045 18.142519635828073
2046 19.882769887415535
2047 23.137613821255712
2048 32.684059259657275
2049 28.373093843779184
2050 26.3918506443073
2051 24.800486116723306
2052 23.585849574172368
2053 22.648524383914843
2054 21.936610495721958
2055 21.40912023200697
2056 21.010253820220196
2057 20.54706926371047
2058 12.883022277567362
2059 7.077846507447453
2060 5.082351412002502
2061 3.041512635854696
2062 -4.198129154932788
2063 -5.961957907238164
2064 -7.297482014408971
2065 -8.586224311177302
2066 -9.937511630678053
2067 -11.406778094498598
2068 -13.023394052573906
2069 -14.80747444239814
2070 -16.7802358461821
2071 -18.972247635215723
2072 -21.433825679183254
2073 -24.254918026309774
2074 -27.617725672016824
2075 -32.00383457158688
2076 -42.55033448555829
2077 -51.741272697298534
2078 -47.32249544976817
2079 -43.91443283284932
2080 -40.93657960719309
2081 -38.18011494954305
2082 -35.53971107812478
2083 -32.95211195403576
2084 -30.37464664450142
2085 -27.775962524151616
2086 -25.131393785413476
2087 -22.420177750497277
2088 -19.622941126348465
2089 -16.71749774097001
2090 -13.66833405612206
2091 -10.395192353997215
2092 -6.6929230940157005
2093 -2.1640636620266362
2094 18.110116329527155
2095 17.807000245901435
2096 19.049683318970896
2097 23.486709925088356
2098 28.398361611280166
2099 27.54117062617273
2100 26.387915104863076
2101 25.262101434999856
2102 24.25557720667812
2103 23.403532423619836
2104 22.707612136285597
2105 22.151048574350693
2106 21.69958149039734
2107 21.285186023373846
2108 20.76484731471164
2109 19.871778732459713
2110 8.434529243622562
2111 6.451708003593472
2112 5.066015848691383
2113 -2.7359027150912736
2114 -4.586589133678594
2115 -6.148365034519033
2116 -7.652698198352954
2117 -9.193766355692617
2118 -10.822880890328822
2119 -12.57271801722038
2120 -14.469244267031812
2121 -16.540282082292293
2122 -18.823703091175798
2123 -21.37879578202013
2124 -24.30847204538205
2125 -27.817374792203537
2126 -32.436679639080864
2127 -43.70332045730752
2128 -52.19659623612873
2129 -47.934794880910374
2130 -44.61446382258956
2131 -41.70072493702649
2132 -39.00137988869776
2133 -36.41845610820433
2134 -33.89243512351221
2135 -31.382907318488563
2136 -28.860244939212137
2137 -26.301466090519998
2138 -23.68789278822219
2139 -21.00352836662988
2140 -18.233321548058182
2141 -15.359326869884065
2142 -12.347275217254724
2143 -9.097752483803088
2144 -5.181705878606225
2145 3.956764800808887
2146 17.856186266728884
2147 26.503043173731395
2148 25.654503236964416
2149 25.829951611301034
2150 25.548855791091015
2151 25.02870783198773
2152 24.39521810032876
2153 23.760168271931015
2154 23.18563607813696
2155 22.698368920710106
2156 22.298537711010013
2157 21.961974018500605
2158 21.634916882495183
2159 21.221519739729956
2160 20.532981034033337
2161 18.472882884744102
2162 8.286537999771227
2163 1.2599688392784254
2164 -1.257684664777421
2165 -3.178247166451595
2166 -4.915907420748302
2167 -6.6084972289958195
2168 -8.3271408748265
2169 -10.114637133234979
2170 -12.00175163881775
2171 -14.01622132359169
2172 -16.189759723081377
2173 -18.565786426726806
2174 -21.21142178211164
2175 -24.242055456188243
2176 -27.88612383128544
2177 -32.732842133827894
2178 -44.80012157699276
2179 -52.63726322853351
2180 -48.52879056053985
2181 -45.30602866983176
2182 -42.46664124567441
2183 -39.83161970811143
2184 -37.30922120060852
2185 -34.842850504936116
2186 -32.39325284947586
2187 -29.930823616465197
2188 -27.43160763404189
2189 -24.874748764496676
2190 -22.240479418015628
2191 -19.508593854663456
2192 -16.658905085876583
2193 -13.674962163711983
2194 -10.50275335709758
2195 -6.906386830641574
2196 -2.3788095949562993
2197 21.700181129229367
2198 23.364508976544528
2199 24.095666270379727
2200 24.3822937325057
2201 24.344893841863023
2202 24.093881098388003
2203 23.729797952780878
2204 23.336074503778057
2205 22.970275497061433
2206 22.663936926013125
2207 22.425065379299145
2208 22.239105159146952
2209 22.06759302269226
2210 21.84513107532232
2211 21.473369507806048
2212 20.842978633883796
2213 14.603540197272569
2214 3.3451726385656153
2215 0.5458998688694555
2216 -1.5848246239738644
2217 -3.5288215994538255
2218 -5.422494427218548
2219 -7.328399116036695
2220 -9.283411710494269
2221 -11.315909275726101
2222 -13.454128727412822
2223 -15.732316238541706
2224 -18.197966268190754
2225 -20.924071775583908
2226 -24.03545910731682
2227 -27.779676724167615
2228 -32.798924868500194
2229 -45.565443925139434
2230 -53.10864957387381
2231 -49.13789644958041
2232 -46.011999566415795
2233 -43.25073343297122
2234 -40.68379260906338
2235 -38.22337842089298
2236 -35.81429025548263
2237 -33.41699165314509
2238 -31.000151146566136
2239 -28.53633195143217
2240 -25.99840005282855
2241 -23.355055739477265
2242 -20.563313104263553
2243 -17.557255552095317
2244 -14.237744429762536
2245 -10.734086943912017
2246 -4.402841259891731
2247 -1.0040370483069958
2248 3.9340783375507646
2249 22.527208900932063
2250 23.249150671931798
2251 23.549579013154965
2252 23.581954963075738
2253 23.444421662269786
2254 23.220865299607656
2255 22.97932471493348
2256 22.769515349386086
2257 22.62228082080944
2258 22.55011313740386
2259 22.547131460572558
2260 22.588043949401506
2261 22.628278303431454
2262 22.610931337569127
2263 22.35059555900956
2264 20.657719234394097
2265 5.855583006446942
2266 2.8090174967624297
2267 0.3132762272385014
2268 -1.9138091558145602
2269 -4.056834116506518
2270 -6.18244283780048
2271 -8.327184910223108
2272 -10.519644162946573
2273 -12.789646491454025
2274 -15.17409087113642
2275 -17.7236548845862
2276 -20.514718539185832
2277 -23.675802716585324
2278 -27.459782436883216
2279 -32.52546663951861
2280 -45.622067950014234
2281 -53.63846267048152
2282 -49.78699781276008
2283 -46.75330511233038
2284 -44.071070577417615
2285 -41.57454980759005
2286 -39.17733841397808
2287 -36.823815880433806
2288 -34.4725938797467
2289 -32.088917536788706
2290 -29.639629068967203
2291 -27.08780362669698
2292 -24.384047472797594
2293 -21.447616370080684
2294 -18.094027557827502
2295 -13.98108859119208
2296 0.3945668042164133
2297 -6.566291811086245
2298 -4.674355917809485
2299 -1.3845458414015364
2300 22.079028382586323
2301 22.899603439205237
2302 23.137032544498386
2303 23.128690495992377
2304 22.99701704989122
2305 22.823985478330005
2306 22.66886526242099
2307 22.5744942580491
2308 22.570042746257045
2309 22.67243073636143
2310 22.88639374195328
2311 23.20272652631323
2312 23.59296209283769
2313 24.035050503088936
2314 26.220474603952002
2315 21.86306553735121
2316 22.87475021348747
2317 5.745502822989269
2318 2.689353952901591
2319 0.016550487150996974
2320 -2.4698588838379645
2321 -4.87373372771758
2322 -7.24525662601356
2323 -9.619835178716997
2324 -12.032768004324316
2325 -14.525590160544125
2326 -17.152350145890466
2327 -19.990729683085927
2328 -23.16667913145095
2329 -26.920908305689142
2330 -31.862889370963774
2331 -44.07982190564546
2332 -54.24536463303265
2333 -50.49567035133134
2334 -47.549521197932854
2335 -44.94741713319059
2336 -42.52442094021101
2337 -40.19299833926892
2338 -37.89522405708644
2339 -35.58622641912472
2340 -33.22605159604592
2341 -30.77322206929988
2342 -28.176762045663068
2343 -25.35559676804372
2344 -22.177088774264483
2345 -18.2619177406928
2346 -11.968283340063255
2347 -11.054528732032074
2348 -9.537673138984388
2349 -7.2065503662430475
2350 -3.62681482500258
2351 3.6734552883269367
2352 23.083325871557232
2353 23.10443895763148
2354 22.91873912587294
2355 22.69057018752877
2356 22.49220661555136
2357 22.37071400058746
2358 22.359647548538806
2359 22.48557488024913
2360 22.771761944440144
2361 23.240254664140608
2362 23.916067727085874
2363 24.839332707745484
2364 25.976497579420226
2365 23.901392246076863
2366 22.32726059871291
2367 22.63950021508878
2368 12.513887402409658
2369 5.875681492088051
2370 2.370946267884299
2371 -0.615508849778163
2372 -3.3901990868988285
2373 -6.04245431117409
2374 -8.6289524528481
2375 -11.198871431920596
2376 -13.803006790957461
2377 -16.500618218103995
2378 -19.370077462471084
2379 -22.53114593667754
2380 -26.203627421879666
2381 -30.931515300676246
2382 -42.22298843334722
2383 -54.94293973902301
2384 -51.28078940946783
2385 -48.42040996771288
2386 -45.90241983658019
2387 -43.559090641213366
2388 -41.29928058496766
2389 -39.06087567798476
2390 -36.79378709429677
2391 -34.45048115335303
2392 -31.977118332062354
2393 -29.288177098715565
2394 -26.301475251730338
2395 -21.740364524370605
2396 -18.18305441314607
2397 -16.203035387184944
2398 -14.183217069568276
2399 -12.003159485355088
2400 -9.367442018495893
2401 -5.916251847061562
2402 -0.9527381454781926
2403 24.518742538433195
2404 23.478215473903585
2405 22.904353549411322
2406 22.465349580249537
2407 22.17075147856452
2408 22.039252687536187
2409 22.085756282461723
2410 22.3312464101741
2411 22.808354612117398
2412 23.567861476266813
2413 24.692939328914424
2414 26.433172643620146
2415 33.683806482979506
2416 23.800135759654317
2417 22.304847161619207
2418 22.59806835951869
2419 24.87152968466313
2420 9.964672406294145
2421 5.369236653954649
2422 1.560541029931532
2423 -1.7277481751037613
2424 -4.733542486615206
2425 -7.567912618749829
2426 -10.310175765334836
2427 -13.02863352246413
2428 -15.791509803055096
2429 -18.679052976539676
2430 -21.80457596404196
2431 -25.36708304034892
2432 -29.853202234367235
2433 -40.26272514222394
2434 -55.741962241982776
2435 -52.15878115476986
2436 -49.388139953293894
2437 -46.964018014009596
2438 -44.71223610369469
2439 -42.53563413389209
2440 -40.36614431747726
2441 -38.14678463002606
2442 -35.818330572056105
2443 -33.30215568081842
2444 -30.504238579304157
2445 -23.7890746531728
2446 -23.29516029632667
2447 -21.04903163146612
2448 -18.839901833728153
2449 -16.57769727628038
2450 -14.163998457748672
2451 -11.399090297171869
2452 -7.993997923797313
2453 -3.3150759076520893
2454 5.100653719321383
2455 24.20476013823412
2456 23.045202216548045
2457 22.244499385236953
2458 21.790206288790518
2459 21.617891162868222
2460 21.703252926844634
2461 22.056508338528342
2462 22.7225301016713
2463 23.80130573170171
2464 25.498502434409094
2465 28.18091836347291
2466 26.440824043374228
2467 22.95120362551985
2468 21.73483204875014
2469 21.96364390996817
2470 23.73824699345004
2471 36.359114824689456
2472 9.147674257339727
2473 4.120596450425974
2474 0.10405560042453155
2475 -3.3483505260619224
2476 -6.468241240955068
2477 -9.396220733364071
2478 -12.23030303872531
2479 -15.052872560802518
2480 -17.948436501644757
2481 -21.02547589083878
2482 -24.465170401221634
2483 -28.705108087465863
2484 -38.2780074645936
2485 -56.652157069964986
2486 -53.1481748835143
2487 -50.48069372914376
2488 -48.16982984567962
2489 -46.03119007277886
2490 -43.95958336203267
2491 -41.88060388509659
2492 -39.726571231619424
2493 -37.442513700916926
2494 -34.84585049948082
2495 -30.745162904860663
2496 -28.08931813918869
2497 -25.674618019877425
2498 -23.33679651173714
2499 -21.026558273202046
2500 -18.672530080007903
2501 -16.177169195513244
2502 -13.398193669471262
2503 -10.129530603726478
2504 -6.024231983908436
2505 -0.1889713790802985
2506 27.897206703834087
2507 23.253607712221026
2508 21.895327229012256
2509 21.26185220036268
2510 21.042184081343994
2511 21.157472556049242
2512 21.60416044726547
2513 22.437778337611153
2514 23.812621098786167
2515 26.250556934738334
2516 36.48452521465974
2517 24.058042765496598
2518 21.553400571923135
2519 20.64716220967388
2520 20.86632951444285
2521 22.27142059811477
2522 25.28509720396301
2523 16.37219364964578
2524 7.264991411843896
2525 2.0599406901249173
2526 -1.93576841120988
2527 -5.371897020261557
2528 -8.492775177582116
2529 -11.439899288178399
2530 -14.315285979669357
2531 -17.210330554089033
2532 -20.230689756073986
2533 -23.54260923124074
2534 -27.540266714033827
2535 -36.3191844437349
2536 -57.684175669944246
2537 -54.27344281528534
2538 -51.7378439004619
2539 -49.575600347796694
2540 -47.58890752950068
2541 -45.665170513101856
2542 -43.72777184317215
2543 -41.71715285284744
2544 -39.74980846161378
2545 -35.63799242356963
2546 -32.71747438315237
2547 -30.128962860364794
2548 -27.689921442591686
2549 -25.334942459988817
2550 -22.999951840807036
2551 -20.622567823666266
2552 -18.125107695694606
2553 -15.40519107019157
2554 -12.320004783716024
2555 -8.628225939782316
2556 -3.7337894414308495
2557 4.074549239989634
2558 22.840982867174915
2559 21.236295897822654
2560 20.491762798407063
2561 20.247739179093905
2562 20.395847479986998
2563 20.92073712655979
2564 21.885983920053114
2565 23.470521702276084
2566 26.167834634982995
2567 24.783017163667576
2568 21.497301947564807
2569 19.796379981774322
2570 19.147951628950626
2571 19.34540525828348
2572 20.416524231911453
2573 22.71575853297915
2574 27.88903673870216
2575 10.344750385007028
2576 4.0913787452772405
2577 -0.5521034530920388
2578 -4.326190541780137
2579 -7.638665249528852
2580 -10.69106873926223
2581 -13.610042632608303
2582 -16.49618886383523
2583 -19.45403979629455
2584 -22.637065794220625
2585 -26.399902661123143
2586 -34.42706729340391
2587 -58.85267099040807
2588 -55.572125249866886
2589 -53.22308555362372
2590 -51.273745652404976
2591 -49.51246411975433
2592 -47.84974012499141
2593 -46.143927670070745
2594 -47.37843956757197
2595 -40.196782710571334
2596 -37.17254069046166
2597 -34.44160878972785
2598 -31.920215270598614
2599 -29.519936098786644
2600 -27.182806558595203
2601 -24.859561487671137
2602 -22.49974183378825
2603 -20.04524011292916
2604 -17.424961311505278
2605 -14.546770026681973
2606 -11.278249252438638
2607 -7.411858640095495
2608 -2.4618214269235112
2609 23.175852926456272
2610 20.21328024478426
2611 19.39971446636028
2612 19.17772258232859
2613 19.374097711408186
2614 19.963430519822516
2615 21.01811069499901
2616 22.83732522743539
2617 28.616150227269657
2618 20.552310416291462
2619 18.771967688597673
2620 17.74941614139021
2621 17.336010288514228
2622 17.507816680989517
2623 18.283171179697817
2624 19.736030859752976
2625 22.00362574399123
2626 30.402657736895204
2627 6.208990002590214
2628 0.7517864319301812
2629 -3.3728739618365307
2630 -6.8709995108957465
2631 -10.01654746019783
2632 -12.96735565856375
2633 -15.835663544320724
2634 -18.726242127702143
2635 -21.781341951402002
2636 -25.31910706312936
2637 -32.63953232262782
2638 -60.182405198712026
2639 -57.110351815181666
2640 -55.05175415427419
2641 -53.43922542636745
2642 -52.102272386045776
2643 -50.984755163370444
2644 -49.216473339803386
2645 -44.611020696828604
2646 -41.45401167859284
2647 -38.62955491015512
2648 -36.04271526811736
2649 -33.60175157194453
2650 -31.252055249444005
2651 -28.95072889951995
2652 -26.659593905730784
2653 -24.34044411466078
2654 -21.9518906424841
2655 -19.447025858964963
2656 -16.77055601458186
2657 -13.85209769573437
2658 -10.578353770784949
2659 -6.639212431116437
2660 -1.1934312644719685
2661 18.57285593959369
2662 17.89895407405313
2663 17.78535245635309
2664 18.05893264266108
2665 18.704609768477866
2666 19.785540544053273
2667 21.577980823935867
2668 19.29517108454616
2669 17.347707039809155
2670 16.21103506037067
2671 15.561094699780528
2672 15.309167097552494
2673 15.452252613204369
2674 15.996567906220033
2675 16.95162258840744
2676 18.37896991112713
2677 20.279145115533055
2678 8.990419340465403
2679 2.0746154576297196
2680 -2.537526860366726
2681 -6.22099047032028
2682 -9.44578595486125
2683 -12.414945317988861
2684 -15.255934740179367
2685 -18.075120701179983
2686 -21.00479336023749
2687 -24.32954120943999
2688 -30.99450919760449
2689 -61.72316771980613
2690 -59.02289034674071
2691 -57.475093430651455
2692 -56.45546464407909
2693 -57.50001855990984
2694 -52.818344551026364
2695 -48.85397592066748
2696 -45.582559790375136
2697 -42.70366209345422
2698 -40.07111757579704
2699 -37.59953709183804
2700 -35.23583298523352
2701 -32.940859547276716
2702 -30.682814088862415
2703 -28.433281243685347
2704 -26.164812604260923
2705 -23.84946043054604
2706 -21.45798291255111
2707 -18.9590923422689
2708 -16.31687272235808
2709 -13.480783611648013
2710 -10.357881235225092
2711 -6.61485106702211
2712 15.596266463659207
2713 15.964315234574528
2714 16.027912279232943
2715 16.423782947591057
2716 17.129079872876503
2717 18.2417143903031
2718 20.73658934749233
2719 15.204570419163215
2720 14.312059738771161
2721 13.680833797306967
2722 13.282861857474106
2723 13.135070710051826
2724 13.250495317315533
2725 13.630856575911851
2726 14.264478606737809
2727 15.135456146977901
2728 16.322174329407357
2729 19.1621922163031
2730 3.173300077382391
2731 -1.8221078770152292
2732 -5.709233394083442
2733 -9.003386879224553
2734 -11.977125109811192
2735 -14.781450053522416
2736 -17.525945757042482
2737 -20.334202765525763
2738 -23.460719642348977
2739 -29.531340305459924
2740 -63.59313779649665
2741 -61.67140951558628
2742 -60.954682312812984
2743 -70.3103092566781
2744 -56.71327929656732
2745 -52.88905398275545
2746 -49.5767092993273
2747 -46.675229841338975
2748 -44.021134898817714
2749 -41.534200115959386
2750 -39.162428971225054
2751 -36.86915151646042
2752 -34.626425406966774
2753 -32.41140285042373
2754 -30.204126144128164
2755 -27.986194764317343
2756 -25.740096660400006
2757 -23.44903929525137
2758 -21.09690300751595
2759 -18.66728736873948
2760 -16.138611068325474
2761 -13.461672105275573
2762 -10.45964052729901
2763 -6.751519152821581
2764 13.393806420760448
2765 13.803787249534905
2766 14.447151359186362
2767 15.198218404168445
2768 16.213690914417807
2769 12.883930118682912
2770 12.071537939896622
2771 11.547386276532116
2772 11.17515801255698
2773 10.932921821479706
2774 10.847630992338289
2775 10.938236446195331
2776 11.206028663891583
2777 11.633959110230675
2778 12.19299626714519
2779 12.86277975912416
2780 13.60827622256377
2781 9.979898042654517
2782 -1.133081874191324
2783 -5.352732094288758
2784 -8.707938501589535
2785 -11.674323825712456
2786 -14.434278148079066
2787 -17.102101523583723
2788 -19.794435591329638
2789 -22.74050132046412
2790 -28.290892804061027
2791 -66.19422056381673
2792 -66.08587386382355
2793 -67.12769989024542
2794 -60.584419061962016
2795 -56.73397016297424
2796 -53.45118167924388
2797 -50.561338829987456
2798 -47.91451014378724
2799 -45.432775959316096
2800 -43.06527236165355
2801 -40.77706525150193
2802 -38.54290112648147
2803 -36.34369658752867
2804 -34.1643177030027
2805 -31.992171702471452
2806 -29.816397535274362
2807 -27.62753275886069
2808 -25.417516995727457
2809 -23.17974802898683
2810 -20.90851236271975
2811 -18.596072428273708
2812 -16.223445563675597
2813 -13.738768068644948
2814 -10.91441487831508
2815 5.125174974423364
2816 11.024209700527202
2817 12.148415226955342
2818 12.917303631002607
2819 13.07190742224359
2820 9.235434674854876
2821 9.103994975698432
2822 8.88173911393285
2823 8.66395242321071
2824 8.507566285111626
2825 8.452116834500991
2826 8.520035767789006
2827 8.71371881997345
2828 9.015261140697937
2829 9.38942883198183
2830 9.791805127344013
2831 10.209213466265192
2832 10.59288546947007
2833 -0.5169785274162468
2834 -5.11082985223985
2835 -8.567878015987347
2836 -11.523515427418173
2837 -14.235887780536403
2838 -16.826541381440112
2839 -19.409172967694808
2840 -22.19508890107314
2841 -27.31426407845953
2842 -74.06731916977519
2843 -69.13143061522966
2844 -64.25257455973384
2845 -60.43332465738952
2846 -57.23181804462277
2847 -54.39287261813635
2848 -51.78598596859408
2849 -49.33495374277071
2850 -46.98984573694165
2851 -44.716689159201344
2852 -42.49206567267457
2853 -40.299787844522704
2854 -38.128518729750965
2855 -35.97009594898255
2856 -33.81847373320323
2857 -31.66916661173735
2858 -29.519057411363775
2859 -27.36641289283499
2860 -25.21087305752952
2861 -23.0529674057672
2862 -20.892183444670604
2863 -18.720975028275145
2864 -16.50319202772647
2865 -14.083996900394505
2866 -10.916178311820559
2867 7.944816416637997
2868 9.52406506300605
2869 10.207147909892432
2870 6.101421606436039
2871 6.360530978469854
2872 6.36585232463414
2873 6.25677494761202
2874 6.105539239464222
2875 5.979500385826675
2876 5.925950556755426
2877 5.971523111310502
2878 6.120757397732425
2879 6.355680544673646
2880 6.637950625390183
2881 6.913178906538441
2882 7.114188451991421
2883 7.171894957450911
2884 7.657802733627015
2885 -5.0713698895660135
2886 -8.579808389924432
2887 -11.542071302040407
2888 -14.21254663053596
2889 -16.72444303722709
2890 -19.20190425485162
2891 -21.84886782309439
2892 -26.639921922134697
2893 -72.1961563542378
2894 -67.7760965898373
2895 -64.0819363867207
2896 -60.9879895236395
2897 -58.233594469541764
2898 -55.697755428604204
2899 -53.30488005766533
2900 -51.00468714861696
2901 -48.76242416225463
2902 -46.55471338386839
2903 -44.36711077491985
2904 -42.19164078129178
2905 -40.024407749994154
2906 -37.863895026459
2907 -35.710054859826435
2908 -33.563948002282984
2909 -31.42767850226381
2910 -29.304427633676685
2911 -27.19839806962575
2912 -25.114412766388934
2913 -23.056745494683256
2914 -21.02639510176485
2915 -19.0160479499863
2916 -17.011462545588948
2917 -15.028283144310656
2918 -8.97369741733406
2919 6.671003472743276
2920 4.734805192900639
2921 3.1153081717960447
2922 3.6305573988638766
2923 3.7012911226882035
2924 3.6012258886213533
2925 3.4406910330525124
2926 3.2933426198713676
2927 3.2132628013165236
2928 3.233911637255962
2929 3.363601204074153
2930 3.583308693981927
2931 3.8498283970036606
2932 4.101171327589501
2933 4.259116377422625
2934 4.22649334365913
2935 3.790082423789575
2936 -3.7030067982374546
2937 -8.6501714429801
2938 -11.78116529388692
2939 -14.406077969476147
2940 -16.825912422287217
2941 -19.197233685919254
2942 -21.725084500853907
2943 -26.2999177585757
2944 -72.1092355039852
2945 -68.01881447841403
2946 -64.91277259684858
2947 -62.226195144849946
2948 -59.77237548773281
2949 -57.45698169358759
2950 -55.22316609190237
2951 -53.03178671572532
2952 -50.8550023103898
2953 -48.67591795340307
2954 -46.488327406830955
2955 -44.29323570640806
2956 -42.094803728243235
2957 -39.89820565033905
2958 -37.709015902531064
2959 -35.53323160377935
2960 -33.377458314489346
2961 -31.249049120756
2962 -29.156062740986734
2963 -27.10691575391809
2964 -25.10965719295688
2965 -23.171112301833837
2966 -21.2972405805904
2967 -19.496479767129376
2968 -17.769532934370343
2969 -16.041019748701984
2970 3.6310849278552437
2971 -0.2777039119456176
2972 0.728328038514099
2973 1.0010357984651939
2974 0.9881667692634651
2975 0.8143433499699284
2976 0.5747581874046198
2977 0.3495487353785071
2978 0.20624158031192533
2979 0.19370925602894382
2980 0.3285432833554604
2981 0.5867086738285331
2982 0.9125898226062685
2983 1.2332008132720933
2984 1.4635589154973638
2985 1.4993546368756057
2986 1.1974826267103946
2987 0.2954935683620283
2988 -9.338923591640672
2989 -12.372133213964714
2990 -14.873186786353353
2991 -17.165087629352016
2992 -19.423645711326657
2993 -21.850968891810055
2994 -26.31823293317081
2995 -73.37566283731667
2996 -69.49701796291957
2997 -66.69159856095234
2998 -64.27106994141266
2999 -62.02396924827205
3000 -59.8621024400106
3001 -57.73658986442759
3002 -55.61079728649467
3003 -53.45451269398541
3004 -51.25213897083342
3005 -49.00857591447813
3006 -46.73817550074429
3007 -44.45497687267405
3008 -42.17098389477676
3009 -39.896923470329995
3010 -37.64314169300987
3011 -35.420245924919264
3012 -33.23946150706009
3013 -31.112662318129182
3014 -29.051971479567378
3015 -27.068790284131662
3016 -25.172156041550608
3017 -23.366358566517302
3018 -21.64610613898241
3019 -19.971089356418094
3020 -18.091576320862707
3021 -13.286332817938316
3022 -2.470628262746286
3023 -1.9535929960959002
3024 -1.8008616034956335
3025 -1.9346342291846184
3026 -2.2556624861019623
3027 -2.6572965539833904
3028 -3.040886796819664
3029 -3.3109776147118852
3030 -3.3795708412332814
3031 -3.2055573687315273
3032 -2.833311892577128
3033 -2.3539453819201506
3034 -1.86334049034417
3035 -1.4551782412802703
3036 -1.2288487986480183
3037 -1.3107794638867782
3038 -1.9661433839592557
3039 -5.60797867183866
3040 -13.389468683856162
3041 -15.669105731835197
3042 -17.778497964048228
3043 -19.924550935405126
3044 -22.279909742145996
3045 -26.722419841018723
3046 -75.863206660466
3047 -72.36022698160409
3048 -69.83286238527033
3049 -67.59702958061399
3050 -65.47237419378585
3051 -63.393293237687146
3052 -61.3219157012762
3053 -59.21689244486973
3054 -57.0223424675774
3055 -54.70471375395917
3056 -52.302872047267556
3057 -49.858349841066314
3058 -47.39685453621819
3059 -44.936347454103576
3060 -42.491641239207276
3061 -40.07664496963452
3062 -37.70557521844047
3063 -35.393624918338524
3064 -33.157192717234125
3065 -31.013526111586934
3066 -28.979332273900546
3067 -27.067334442301515
3068 -25.278454097766744
3069 -23.586389676443765
3070 -21.935985807987713
3071 -20.17395922692335
3072 -16.26218166229405
3073 -6.45115845619351
3074 -5.291777813863796
3075 -5.0359753428808
3076 -5.347122834498828
3077 -5.93672158329472
3078 -6.641178461128236
3079 -7.3348616501822095
3080 -7.880187750889409
3081 -8.084907981596686
3082 -7.786962623581802
3083 -7.143718518295057
3084 -6.34948116209552
3085 -5.539279485540635
3086 -4.820256258637366
3087 -4.294037829462513
3088 -4.075509132832102
3089 -4.331522691476445
3090 -5.42997756060774
3091 -15.05438005071758
3092 -16.848303792163055
3093 -18.73260128628124
3094 -20.81083215994137
3095 -23.176972311581054
3096 -27.636769907467638
3097 -84.87919605371333
3098 -82.06002602827613
3099 -79.62545669218738
3100 -77.3058954305404
3101 -75.05525680774389
3102 -72.85982511397071
3103 -70.70651127259733
3104 -68.55999574688715
3105 -66.20141282165154
3106 -63.23624706321816
3107 -60.1756550223153
3108 -57.086979366135274
3109 -53.99794892544797
3110 -50.92723600264638
3111 -47.89122718168427
3112 -44.90669436040382
3113 -41.99236269964611
3114 -39.1701241932175
3115 -36.46608919658386
3116 -33.911338759627625
3117 -31.541765102107888
3118 -29.39528679454518
3119 -27.501429258703908
3120 -25.84025513599334
3121 -23.93314158062716
3122 -22.220873823647533
3123 -18.941082529862996
3124 -18.937008289368844
3125 -10.804695835207896
3126 -11.069862484093596
3127 -12.145369314096097
3128 -13.597941810428583
3129 -15.25609516560664
3130 -16.987647664586632
3131 -18.643756838797895
3132 -19.919994852355618
3133 -18.59309408284761
3134 -16.816673930466322
3135 -14.950724595173037
3136 -13.143578985834262
3137 -11.514651962500174
3138 -10.189780736376909
3139 -9.310125555950455
3140 -9.019843305424148
3141 -9.461293417917117
3142 -11.060661659945612
3143 -19.05488331441488
3144 -21.05008519367073
3145 -23.47250705857451
3146 -26.181682741002497
3147 -31.084191724814257
3148 -87.697329
3149 -20.269596
3150 -98.262153
3151 18.392323
3152 -42.407514
3153 -69.235057
3154 7.969367
3155 -21.629585
3156 -22.568835
3157 -10.849316
3158 17.185384
3159 -0.975695
3160 -76.18735
