0 -127.58678519650569
1 -117.48781961028676
2 -108.52828090769376
3 -100.90566643150954
4 -94.41846311270213
5 -89.40750377148383
6 -85.54941104793122
7 -81.08110273125972
8 -78.74259181219114
9 -78.04830720607546
10 -79.47665228061592
11 -80.68507520261743
12 -82.21790800331898
13 -83.89975453193853
14 -84.89730685891959
15 -79.91632354120463
16 -76.05061162302455
17 -73.48630227796154
18 -73.13930455022664
19 -74.12249387499283
20 -75.62502296362196
21 -76.70823870027466
22 -78.16107653108621
23 -79.8605575424742
24 -82.12390410629115
25 -86.9537957786995
26 -92.9759430450753
27 -97.82422196043763
28 -104.61658959844202
29 -113.00302312882044
30 -122.65698371188087
31 -133.3033685633656
32 -144.72332392321692
33 -156.74786411440587
34 -167.33423749780542
35 -165.30501214110825
36 -164.62304528519678
37 -165.30501214110825
38 -167.33423749780542
39 -170.66267031478193
40 -173.88716755117943
41 -159.75936805213036
42 -145.80591319236729
43 -132.08206904536377
44 -118.66752548506409
45 -105.68013174761107
46 -93.29843989926376
47 -81.79796775642184
48 -71.60458204978731
49 -63.35238600059843
50 -57.827460067961184
51 -51.66644219458294
52 -49.441088671733155
53 -49.77881490435012
54 -52.891307911407544
55 -53.336114724711216
56 -54.48523149471071
57 -55.69264445314104
58 -57.677297493762495
59 -59.89629631208895
60 -59.15483148474357
61 -60.994676294284815
62 -63.997196493828824
63 -69.9902689099907
64 -73.66936126891058
65 -75.68921012632744
66 -80.50179047279282
67 -86.70261274654983
68 -92.36736904329605
69 -99.98059147095853
70 -105.96103464382854
71 -111.14288489503335
72 -118.01585004901094
73 -126.30416011672234
74 -135.74881532739295
75 -145.8702909742434
76 -155.84935507184667
77 -165.69533233893887
78 -166.33082444006402
79 -157.94505328571296
80 -146.8728697119611
81 -136.55269992726875
82 -127.16776265007852
83 -118.21786572999527
84 -109.3251082898817
85 -101.86745948827014
86 -96.09552788724469
87 -91.83218775605825
88 -87.86377645192763
89 -84.36014962200058
90 -80.25979593947596
91 -78.54978050340726
92 -77.36755299981841
93 -76.61358842985238
94 -76.29238740658428
95 -77.0825123995952
96 -78.73350107486746
97 -83.10363809833215
98 -89.79679915704664
99 -98.33979668742143
100 -108.29573438596641
101 -118.41870118185695
102 -128.5350774681107
103 -139.53330602357457
104 -151.2210991892461
105 -162.48264715087515
106 -174.12624969208042
107 -184.49957712491045
108 -194.76025150320916
109 -205.60403004784658
110 -216.94349213156477
111 -228.38501639530134
112 -238.6840114336878
113 -248.8633800383499
114 -259.2871035002544
115 -270.07423361531306
116 -281.1343516010138
117 -292.4466739759264
118 -303.57730191803563
119 -302.89450874725185
120 -292.7858163525726
121 -283.016844476159
122 -273.7216364433809
123 -264.20833210801993
124 -253.82343795818917
125 -243.09437644006792
126 -230.95932465964782
127 -219.1792495600251
128 -205.97102380568293
129 -191.58438174837465
130 -177.2994303776882
131 -163.1428842904233
132 -149.15131034269925
133 -135.37586956060497
134 -121.88986316193679
135 -108.8009716132233
136 -96.27130468798667
137 -84.54984795180243
138 -72.84038916787323
139 -61.74459166526101
140 -52.130963779683235
141 -45.195546070366774
142 -42.63375874349628
143 -45.195546070366774
144 -52.130963779683235
145 -61.989010192119096
146 -73.41660907215957
147 -84.95473373239881
148 -94.23250679270646
149 -90.9232477303951
150 -90.00104853412812
151 -91.31386481342953
152 -95.00660543924346
153 -100.8180948392246
154 -108.40812431240421
155 -117.43234046401564
156 -89.34408024433998
157 -75.24635744758524
158 -64.28859642276535
159 -61.75489523362786
160 -50.605907782416274
161 -44.88969456003205
162 -40.329172052145125
163 -31.941793505965936
164 -28.70787723048019
165 -21.31389300133838
166 -11.37188217038408
167 -11.007804014339927
168 -5.642315027258007
169 0.0
170 12.577210361748856
171 15.276072077002828
172 32.101701951363744
173 42.20262683247088
174 49.22721370988179
175 65.72843709471307
176 64.36174246051556
177 63.276697929844126
178 65.44686371620574
179 65.93881153699382
180 71.82118021484192
181 79.96156173539588
182 81.41812508531727
183 93.24793575676206
184 100.85641322516558
185 101.86159511010567
186 106.4189103798641
187 108.8172941745928
188 113.44523126039029
189 121.53213685137575
190 122.73957739030058
191 127.95620178604513
192 132.31550514270717
193 132.78976083348587
194 136.2822769380094
195 138.73133211654837
196 139.83990532802824
197 131.99901552701053
198 124.93934312074441
199 114.81759023058801
200 97.66297278924684
201 94.77543987083482
202 80.55229291025114
203 64.77159709392603
204 63.52106692709435
205 46.65639473145386
206 35.337899184302
207 30.238212802783853
208 14.131960226678968
209 7.336338153031477
210 3.0451693007159975
211 0.0
212 -15.073033941472495
213 -18.477346591752788
214 -32.208787221423236
215 -48.6972078888207
216 -49.42928235762625
217 -66.66887031928759
218 -79.00541210317671
219 -83.91580607575133
220 -85.69166648341537
221 -71.4935813748903
222 -57.792539904783574
223 -45.04438216676698
224 -37.43428589194615
225 -33.55541781731172
226 -19.68955401512451
227 -9.89282488137737
228 0.0
229 4.431925444235503
230 10.11160729548983
231 19.811927940341885
232 33.77478281178659
233 37.548355765857444
234 48.29318035001212
235 60.86729479116004
236 71.97798828995857
237 84.18442807387507
238 97.15624772475516
239 109.71962509465337
240 120.3697661831803
241 122.36742151222184
242 135.23701813162546
243 125.945700166225
244 112.36407985838377
245 99.19443769318853
246 85.31615202857053
247 71.82049812483177
248 66.14502066837845
249 58.89301726323006
250 46.64239169735208
251 34.22357277655362
252 23.102271685203604
253 13.815771187836326
254 5.88606280348688
255 0.979461108988346
256 0.9476719734564291
257 0.0
258 -10.574704568129334
259 -19.75303003073825
260 -33.59933231263694
261 -48.24959202022304
262 -63.14670423117219
263 -78.14963720189226
264 -87.21708449609005
265 -75.27255917500271
266 -60.1934190550134
267 -45.11672752645538
268 -30.04617125170846
269 -15.000251050240383
270 0.0
271 0.1497970025733366
272 2.3498249374378877
273 4.781857912932054
274 10.136805559733602
275 7.801126793924539
276 2.2898645775369744
277 1.8548886866940961
278 0.0
279 -1.4333468396998796
280 -6.578177041617465
281 -6.939207858919588
282 -17.10568009236226
283 -13.423620758496204
284 -12.599004083323655
285 -1.5300606121750917
286 -1.9089151985888775
287 -4.055728874992823
288 -15.216373067095287
289 -9.798013700274666
290 -13.561498765097419
291 -16.65048231277132
292 -26.39616433784389
293 -30.561422874971107
294 -33.110343621235025
295 -38.78601760883924
296 -50.29603729593758
297 -63.32463517880709
298 -77.10583380162926
299 -90.52057160331246
300 -103.95848476378335
301 -117.57515837244785
302 -118.94300236792402
303 -121.67026030539043
304 -120.79187597318827
305 -120.7439081578394
306 -121.38682828519677
307 -123.87660962654465
308 -128.10561887550145
309 -133.90916931187297
310 -83.89354037531434
311 -70.60542115042712
312 -57.18203757816923
313 -50.93402215769495
314 -44.48473398713458
315 -31.274111317822758
316 -20.259885649640015
317 -17.53435726735219
318 -12.17954299811263
319 -5.792010828661148
320 0.0
321 1.075383484991562
322 2.369775705315419
323 7.758592498581477
324 4.460946438069527
325 9.839201230288893
326 9.440326590395232
327 9.26373615303146
328 8.237087452703342
329 15.118511704814676
330 15.46552833607649
331 9.19229033148838
332 9.964884203222027
333 11.8901120067543
334 10.976668197804148
335 3.7359586048042956
336 0.5702131948318083
337 0.0
338 -2.2749313292775613
339 -1.1363094531410525
340 -5.69304711234679
341 -9.330651252165117
342 -14.346007573603405
343 -14.256195241077718
344 -17.00722784235326
345 -20.9736206717331
346 -24.49085161621899
347 -30.182596019357
348 -40.68251083578655
349 -52.36929085766504
350 -56.909678322009704
351 -65.83408755094393
352 -80.18829066514529
353 -28.170132883957187
354 -13.24721893409291
355 0.0
356 0.22424119275319754
357 7.881421247567995
358 6.985339785279581
359 9.050069849091193
360 19.98117796635466
361 19.863078593582998
362 25.627555514196786
363 33.280338338116685
364 42.64153458332739
365 53.08429178133694
366 58.86851154855906
367 65.84800031309274
368 75.23851308012807
369 83.63402505176438
370 86.2561721450081
371 98.35568826531755
372 104.47287197604125
373 106.23540107117023
374 110.04638303336014
375 100.36073815960569
376 87.02434178482892
377 74.11394915959198
378 61.569052861156024
379 50.221721831870184
380 39.91924425156034
381 38.44197614497577
382 28.0195737441262
383 18.678222286497913
384 9.93522025576989
385 7.913427760800232
386 0.0
387 -0.3832919606197436
388 -0.1756921865258505
389 0.0
390 1.094688780876254
391 0.7710252268746274
392 0.0
393 -4.002102321998763
394 -7.31293261443055
395 -7.348603197221394
396 0.0
397 0.0
398 -1.1764202851967696
399 -15.156108646722595
400 -30.189369237299054
401 -43.80920936434333
402 -61.79688064360777
403 -57.473997670707725
404 -45.45244279445374
405 -29.513351593168057
406 -28.701302186023213
407 -12.96455799735777
408 -1.0457442810510769
409 -0.4855779246431098
410 0.0
411 15.585114601845646
412 25.19163912500717
413 31.04110837861231
414 43.51760775226166
415 48.430395140435444
416 56.371003169754474
417 69.75355423939831
418 71.58298687544494
419 70.61956199578799
420 71.42082178519752
421 71.47751671720195
422 74.75989278898517
423 78.35579071989481
424 79.61415904947478
425 86.10782501792583
426 90.55406446496795
427 93.42557324985948
428 101.64787793765335
429 104.91570928760872
430 111.86870005907623
431 123.64433257551167
432 125.21869054739523
433 130.6993178050991
434 117.52558870257381
435 116.28402357902907
436 102.57692886380471
437 93.67966943906745
438 90.07267555787651
439 77.25006823724163
440 69.79575808402187
441 62.12986976762605
442 48.39384198488638
443 45.06994339944865
444 37.57694112062331
445 20.884632219632543
446 19.935559713124643
447 6.320419880746718
448 0.0
449 -10.478414514539226
450 -12.979185547203228
451 -26.526602868479337
452 -36.571853218092336
453 -42.52096472737175
454 -58.82354911450855
455 -65.76868949490479
456 -75.5208077268608
457 -92.39903297329217
458 -95.86005325152071
459 -109.37443084729522
460 -126.24940289131104
461 -126.40788235903028
462 -68.53564191371372
463 -58.53245544094323
464 -54.889935634075165
465 -40.86739573795265
466 -25.288757946814005
467 -10.624464858919595
468 -9.89988259899287
469 -0.41953517819416675
470 0.0
471 15.836118307228583
472 31.540221487026145
473 34.2368722628096
474 47.24600294370994
475 61.989550655074744
476 76.6883081270597
477 82.54976614869797
478 91.72178100462224
479 103.1530403202741
480 99.19040543051086
481 97.935643050707
482 97.62334171203442
483 98.56621640635264
484 90.4968993315401
485 84.82991371626919
486 83.88811038583343
487 79.43066207832693
488 75.79407026287421
489 69.10666387716262
490 68.78413852268936
491 62.66854483280774
492 54.876036479371045
493 46.54338844215635
494 44.522374734983764
495 38.63903258479342
496 31.214737943291055
497 24.781025046555555
498 20.554033833527306
499 15.590035387203383
500 7.377741536308747
501 8.534312444235525
502 2.3671445135905174
503 0.5612163288236047
504 0.0
505 -9.343275480816649
506 -16.96467672563629
507 -30.09114256324608
508 -31.0843943698608
509 -46.23932459240795
510 -60.5312570617995
511 -75.29577382498631
512 -82.34014507127247
513 -77.48380100017495
514 -73.44332447335381
515 -69.76945132916184
516 -66.47511202311055
517 -63.58708207794382
518 -61.11833656539384
519 -59.15192316522107
520 -57.683386479867025
521 -56.645067681724015
522 -55.96864485756202
523 -55.93386817422224
524 -58.344266571847555
525 -54.07539723907192
526 -52.723736699087006
527 -57.274062779673045
528 -54.09467529892173
529 -53.90309020156576
530 -54.46040117118942
531 -55.31899306963376
532 -56.33098249
533 -57.52015760444253
534 -58.981727111000325
535 -60.94625319623335
536 -64.08702597280109
537 -85.91249227500921
538 -96.87722541094375
539 -102.34951700663939
540 -107.59027797249658
541 -112.86394094817378
542 -118.09351598579366
543 -123.05866316184289
544 -127.450950835242
545 -130.8995522764157
546 -133.269940891834
547 -135.20805837268975
548 -137.09738035095245
549 -139.13124534964646
550 -141.88449006929866
551 -77.7809362817679
552 -72.27253022016615
553 -67.93106304527798
554 -64.06623640748006
555 -60.599235853415806
556 -57.59210293002848
557 -55.09665749252161
558 -53.0936267741825
559 -51.50409784896792
560 -50.25108761518449
561 -49.342275740554044
562 -49.05906091994268
563 -52.056427687911935
564 -47.07966283879922
565 -45.13636542080192
566 -43.84550184195129
567 -47.04270703986371
568 -47.147774272069206
569 -48.01323022155154
570 -48.98370436760793
571 -50.022398470851485
572 -51.200636069924855
573 -52.61452684901639
574 -54.353844770952925
575 -56.6545440398373
576 -82.39206664278025
577 -92.65091469097278
578 -98.35841781027736
579 -103.69117205313164
580 -108.96740548087949
581 -114.09855435585754
582 -118.77210614325844
583 -122.59511805998474
584 -125.4586697983172
585 -127.50231977535452
586 -129.52558314217058
587 -131.55785806915404
588 -133.79579722514325
589 -136.6394902351453
590 -74.12276882368762
591 -68.30874726934485
592 -63.45290933191823
593 -59.02826926873492
594 -55.01928038008447
595 -51.61939124782118
596 -48.97055659484772
597 -46.954796575518586
598 -45.34424707208775
599 -43.98633296519152
600 -42.855547053123665
601 -42.049090343663465
602 -41.199097618713736
603 -39.632216749043344
604 -37.945535546341965
605 -36.070517672309556
606 -31.16655731662686
607 -39.89068353628538
608 -41.35364998497344
609 -42.53541031264304
610 -43.533523656171404
611 -44.641417182884766
612 -46.02737204184809
613 -47.60712615052944
614 -48.941597642081874
615 -77.54787117676842
616 -86.33638197714494
617 -92.18314705945915
618 -98.04359228714027
619 -104.07421690085242
620 -110.2194988554667
621 -116.27011773972782
622 -119.65034863493221
623 -122.15775148547353
624 -115.55342261463207
625 -95.91920308921408
626 -90.81018759248677
627 -89.99617317945007
628 -92.65549331961034
629 -71.02166611881596
630 -64.92031482603136
631 -59.39630931021277
632 -54.06693275753512
633 -49.00913369272363
634 -44.78851879131313
635 -41.98112633734996
636 -40.11713087854156
637 -38.6056968709612
638 -37.199576754557945
639 -35.732855799471515
640 -34.47726648995952
641 -33.096993805261256
642 -30.554590099324678
643 -30.71786977519577
644 -29.34570358243972
645 -26.784219616852162
646 -30.50710995038451
647 -33.14027304106005
648 -34.78192433383972
649 -34.73330995317404
650 -35.09074091833844
651 -35.38620252003134
652 -36.90165966879716
653 -34.817701142044015
654 -36.64414389444706
655 -42.25799521547416
656 -47.83817050658613
657 -53.20388087305763
658 -58.13792293825691
659 -62.57351164043906
660 -66.26577059544532
661 -68.93535808640152
662 -71.64725231147474
663 -73.90556792527518
664 -74.01802846557979
665 -74.88311577661247
666 -77.07451039058576
667 -81.77578470384763
668 -68.75801305618107
669 -62.13195441212281
670 -55.65697762809559
671 -48.97613869629893
672 -41.90704339034938
673 -35.44435275540286
674 -32.92912439077816
675 -31.492490378747295
676 -30.038934166291646
677 -28.69103445126905
678 -26.46869493344812
679 -23.496026931123772
680 -24.120723706655767
681 -12.004802848590005
682 -21.758940665602005
683 -8.620975106750539
684 11.195920485845411
685 7.569378539145826
686 6.640643897650403
687 6.190619842417331
688 6.052311594431629
689 4.640014039087327
690 2.4285316782809305
691 -0.7897654904795471
692 -6.168606890511997
693 -29.910693911197523
694 -34.764570999731255
695 -39.554429734665945
696 -44.13261955426659
697 -48.36792472795608
698 -52.184588110137696
699 -55.527351262903416
700 -58.42842456379669
701 -61.018445731340584
702 -63.1695306622777
703 -64.87126361511532
704 -66.81263470955432
705 -69.6787289481741
706 -74.64662221779939
707 -68.02182734967957
708 -60.272982353756376
709 -51.848361194892824
710 -42.2234259412756
711 -29.72694993978978
712 -8.02153504671493
713 2.959690630432378
714 5.739153186571045
715 6.6154328674863425
716 7.282434490032097
717 8.341599284681921
718 8.872699498571993
719 10.0824514537979
720 8.84351136479632
721 18.6473539875287
722 21.517448457472945
723 23.749575089484342
724 24.413938561822114
725 14.174850431638015
726 13.7888559944591
727 12.507450170391557
728 10.611988122531082
729 8.117047311834236
730 5.013018113896681
731 -1.1434458395709464
732 -24.153575830800083
733 -29.542556966730736
734 -34.03773281003238
735 -38.03920994728546
736 -41.65074488244321
737 -44.90417163287092
738 -47.82535472884009
739 -50.46410437780031
740 -52.886657712721586
741 -55.15166620436451
742 -57.40972050231465
743 -59.99269212895069
744 -63.394170149022514
745 -68.74653275357988
746 -54.37498399769955
747 -44.01684483229998
748 -24.28401840317476
749 -16.42578117227342
750 -9.223687022570441
751 -3.497037555652845
752 0.6758830646718201
753 4.198407118268834
754 7.074664665339795
755 9.424780120887627
756 11.441745721668147
757 13.279796458634445
758 15.103186943080276
759 16.73853391975373
760 26.516165382465182
761 29.92747657187775
762 31.61298422914857
763 32.91635857627457
764 33.581578520808435
765 20.628239524645906
766 18.664670740482045
767 16.147465743460465
768 13.230674746416508
769 9.703240233498619
770 0.4631655767143781
771 -19.320103248609424
772 -25.000226952001967
773 -29.2186106432396
774 -32.78306078820404
775 -35.916880477351285
776 -38.71919031089954
777 -41.257669461926334
778 -43.60284349769554
779 -45.855148006438114
780 -48.161408331676135
781 -50.709335297416494
782 -53.70151262067524
783 -57.42983092259547
784 -63.03721707800259
785 -47.12377700337811
786 -41.29826004607995
787 -37.7739117810319
788 -21.785694515791743
789 -11.13772571602788
790 -5.013083397469954
791 0.16168461350948557
792 4.441885052230607
793 8.154200193358282
794 11.410002957795903
795 14.316159643216313
796 17.026695641184233
797 19.763364451053242
798 22.985717335447696
799 33.33201783141088
800 37.150789510179216
801 38.692834144387284
802 40.0904142642501
803 42.0120217776251
804 31.50148319626115
805 25.584976576627593
806 21.99621812954205
807 18.553901805625475
808 14.924401124567574
809 -7.457009015084474
810 -16.483135174145826
811 -21.09750954729407
812 -24.831131279617637
813 -27.970339457228786
814 -30.680028049696773
815 -33.08082286396734
816 -35.257793298443275
817 -37.2810572475252
818 -39.280067125994755
819 -41.49914925523372
820 -44.22716266112272
821 -47.58264532723064
822 -51.552014733197005
823 -57.31429822084845
824 -42.42493127231098
825 -35.94126125631595
826 -31.29044884802416
827 -27.195778855451106
828 -24.95139838476577
829 -7.375581192689495
830 -0.31022894191747985
831 4.889442489174432
832 9.53712748433665
833 13.663979679224262
834 17.361277825354353
835 20.775495608322807
836 24.17994549101334
837 28.009294696805807
838 34.33421780977261
839 44.63082197072259
840 45.631567428000885
841 46.714599893021834
842 48.303086394995816
843 51.15680015005837
844 33.251893314564335
845 28.46080324202829
846 24.25688495510938
847 20.495471190751296
848 -5.895909094288116
849 -13.05844148589403
850 -17.207869917795225
851 -20.570801551162493
852 -23.333553021253554
853 -25.641974089443227
854 -27.663612762137987
855 -29.497735367348234
856 -31.143142517794686
857 -32.71089743246284
858 -34.57780411980149
859 -37.43484522767338
860 -41.35310919571299
861 -45.77354375969925
862 -56.39294797481983
863 -37.95949116939069
864 -31.573016544778046
865 -26.67279089808496
866 -22.354209344303925
867 -18.328283756193308
868 -13.970308979709037
869 -10.553557925020518
870 5.044991970618661
871 11.120361091178204
872 16.392967015490132
873 20.891583765011493
874 24.84472357426486
875 28.701263961254895
876 32.989219081578256
877 39.030676244411666
878 53.49781776897584
879 52.97672166291093
880 53.28790203332959
881 54.32710722413267
882 56.544586627197646
883 53.61451677472274
884 35.59550693513588
885 30.23107641815023
886 26.348711713408452
887 -2.2357645611925463
888 -8.718664013870383
889 -12.886290364042466
890 -16.131573427361964
891 -18.584027189052936
892 -20.458395019372027
893 -22.075630573053555
894 -23.634884364406716
895 -24.80308493280743
896 -25.694201397298272
897 -26.39249168536955
898 -29.295781855852518
899 -34.646206036266406
900 -39.55974635191228
901 -53.045734786873965
902 -33.55816960447622
903 -27.502591113593994
904 -22.5926863500641
905 -18.209127748978872
906 -14.046516818600407
907 -9.816385798646428
908 -5.38443633877938
909 -0.22276895540805602
910 13.926051700316435
911 20.462260512436952
912 25.581309825502426
913 29.68791755521891
914 33.7404087828955
915 38.31403355033146
916 44.79375177453999
917 67.56694874994288
918 60.988629522584645
919 60.334429327076144
920 60.76290609627259
921 61.61619945102497
922 63.218011486523764
923 42.569992484920625
924 36.59272804231622
925 32.88391145170857
926 3.7025704002392597
927 -2.8814009286473303
928 -7.476776967675995
929 -10.868152560561033
930 -12.935660734776095
931 -13.91602592828222
932 -14.763872333702489
933 -15.8539856870131
934 -15.180992892391647
935 -13.92368907615916
936 -6.381691256310727
937 2.3415930605865984
938 -2.2681913472584494
939 -12.008873326570532
940 -36.85824510881316
941 -29.387706013356638
942 -23.5706209014498
943 -18.65710894624932
944 -14.217586235110533
945 -10.084080957707286
946 -6.020314783863732
947 -1.7025397162094544
948 3.234316398782647
949 9.2380893390753
950 18.66590807349438
951 34.211999210287814
952 36.27713597546241
953 39.95504266566086
954 44.46362566951823
955 50.69432142414541
956 63.73059156269426
957 69.63451120719654
958 69.34905995471385
959 70.10979681772383
960 69.68655756478658
961 68.38355170588176
962 70.976686930132
963 46.40475086100436
964 43.702752048472114
965 39.00030512111569
966 33.839939630920604
967 29.533424914020472
968 25.53015620523159
969 22.054986326759423
970 17.653597320465686
971 16.11530801449348
972 14.814879532346682
973 12.877476063419952
974 10.34668065495532
975 7.875875240114304
976 5.709895065099925
977 1.7989097892756474
978 -28.341813128170216
979 -35.102359573642936
980 -25.694058566250977
981 -19.625479845274153
982 -14.601336298161792
983 -9.877146380008032
984 -5.6979522780216465
985 -1.769465234332431
986 2.3789857585220555
987 7.200702107176921
988 13.006584514299336
989 20.110336962984427
990 28.189040825862797
991 42.32771374673388
992 50.7320894429035
993 60.91836220922803
994 85.51463653552466
995 92.93524024646374
996 103.00775989113964
997 103.0553464388716
998 102.61334293000606
999 99.75317482530896
1000 95.89169963295207
1001 91.17018192307023
1002 70.31689082037701
1003 63.3159746035976
1004 45.870791651108014
1005 40.92645789414899
1006 36.282927108537514
1007 31.88614611810782
1008 27.767146596165393
1009 24.104073121532945
1010 21.185752321812814
1011 18.663377046268078
1012 16.12087520728077
1013 13.440050049078266
1014 10.66948448019555
1015 7.549170435230319
1016 2.938644719880209
1017 -29.400130576244063
1018 -34.74084761098524
1019 -23.450934761580026
1020 -13.881400209040384
1021 -8.264072600343148
1022 0.7557605167320118
1023 0.4713409053239496
1024 -4.865868543386578
1025 -7.312524949138074
1026 -5.696580898619981
1027 -2.6044694931103622
1028 1.3535115780463018
1029 5.951198903674386
1030 11.637084191596367
1031 18.655049118621264
1032 48.93317186339017
1033 81.13212190386724
1034 87.056062414773
1035 101.23625680957271
1036 102.20684913072296
1037 102.07123162866203
1038 100.95467666404085
1039 98.9258622010338
1040 95.87454444254097
1041 87.64926484022632
1042 63.455111007997715
1043 51.24416571510075
1044 45.70463716808439
1045 40.815230575899854
1046 36.27253474453066
1047 32.05785318165061
1048 28.241794298343503
1049 24.850570895835816
1050 21.75442400441913
1051 18.76842473356623
1052 15.757832893203883
1053 12.54627402477311
1054 8.519737599448359
1055 -0.984727680760422
1056 -29.082782772950853
1057 -34.72891468110508
1058 -43.3421668975903
1059 -36.630429143484335
1060 -32.97775948303987
1061 -29.11605078920067
1062 -25.652719113504702
1063 -23.225918026346818
1064 -20.31947182125288
1065 -16.84991608358578
1066 -12.87719190399574
1067 -8.447415085676456
1068 -3.5132724521171457
1069 2.1008598859658782
1070 8.66406664682641
1071 16.538891970619204
1072 26.450259584472022
1073 82.95098184370768
1074 92.73558043625943
1075 102.3023629931363
1076 102.95554795164392
1077 102.80430364211152
1078 101.88205083876034
1079 100.1571547776954
1080 97.5131674890009
1081 68.62955162327766
1082 56.90488773979689
1083 50.59758366541363
1084 45.271393877445774
1085 40.39393599459351
1086 35.88707192816937
1087 31.749043237087267
1088 27.955579499752805
1089 24.423861847132258
1090 21.03461923292885
1091 17.65404844832979
1092 14.075928600430261
1093 9.66440671372452
1094 -21.43118842189653
1095 -29.029403703548162
1096 -34.84045000509637
1097 -50.408143450591226
1098 -45.83879003994617
1099 -41.62597248518878
1100 -37.73209844286046
1101 -34.13379072393711
1102 -30.807421611666598
1103 -27.378305644093462
1104 -23.649568465169832
1105 -19.569176993311885
1106 -15.112404482133273
1107 -10.230642075009767
1108 -4.840136250641112
1109 1.1756360004488355
1110 7.989606389446509
1111 16.22968860225978
1112 26.334427577863746
1113 46.151327354372896
1114 102.66066499959717
1115 104.46912031972707
1116 105.18757881361545
1117 105.19405561158939
1118 104.52179383169138
1119 103.09575697180276
1120 103.60406286847382
1121 62.795242070536816
1122 55.941700906697726
1123 49.9156020456184
1124 44.48538616055292
1125 39.51560995559552
1126 34.95076727287303
1127 30.736897178766128
1128 26.791825752237422
1129 23.000864899442966
1130 19.211454156440755
1131 15.22555099025399
1132 10.368838704764558
1133 -23.253303850441853
1134 -29.25641526043788
1135 -35.14373784187365
1136 -57.09271160980732
1137 -52.96488503711609
1138 -48.82351707738605
1139 -44.83983462961503
1140 -41.02496269490608
1141 -37.311505753071636
1142 -33.54878896823543
1143 -29.608269851509757
1144 -25.416839254918816
1145 -20.927499210026625
1146 -16.09349955659938
1147 -10.856331594145974
1148 -5.134381354417459
1149 1.2149296070715796
1150 8.469073258403883
1151 17.13448819046144
1152 28.6904568866001
1153 90.96716533851328
1154 96.63580825136295
1155 108.39864692923695
1156 109.22949135432799
1157 109.31327418994906
1158 109.28735315609542
1159 112.29979113557528
1160 77.10920674447573
1161 62.457413305434315
1162 54.96793576634135
1163 48.681503353748134
1164 43.06217975116843
1165 37.967439582238086
1166 33.29304333868566
1167 28.93191082971192
1168 24.74474555129299
1169 20.49910427020392
1170 15.650766207594671
1171 6.448334226832891
1172 -22.946570204338368
1173 -29.421890484952765
1174 -35.61366259776731
1175 -63.83237752486202
1176 -59.6141102240464
1177 -55.420606838535974
1178 -51.310049763492515
1179 -47.293121482759844
1180 -43.324405279058034
1181 -39.3218113651177
1182 -35.202001853581756
1183 -30.900214984052152
1184 -26.366640265547318
1185 -21.555713578862207
1186 -16.416114536773126
1187 -10.877512134037365
1188 -4.824595418161458
1189 1.9552837683443678
1190 9.940933094723002
1191 20.842820138088992
1192 62.263334546853415
1193 90.29612826085915
1194 94.92742743595551
1195 111.45857764441993
1196 114.90344566828948
1197 116.4652797941821
1198 118.16940758829648
1199 115.97664190305547
1200 69.9964005555239
1201 60.76671440750858
1202 53.07234973564346
1203 46.571190730309524
1204 40.838932010039926
1205 35.661062027628454
1206 30.886583227509686
1207 26.353638887911597
1208 21.8040139538576
1209 16.491753710129082
1210 -13.600076200710982
1211 -23.427437994806482
1212 -29.934214443170188
1213 -36.333879309132996
1214 -70.70700115519625
1215 -66.14328624388247
1216 -61.76173628831054
1217 -57.47367507911914
1218 -53.25896758347655
1219 -49.08045849290312
1220 -44.88314468158313
1221 -40.607610657092586
1222 -36.2001991209406
1223 -31.614367498969425
1224 -26.806331671525278
1225 -21.727901416838428
1226 -16.315445671585028
1227 -10.470458745593213
1228 -4.020265056716665
1229 3.379482222651449
1230 12.483299566525341
1231 26.862034240110606
1232 85.85742937478125
1233 89.79056765864092
1234 95.00898278021572
1235 101.70082774449251
1236 128.82978770900394
1237 123.51571880852066
1238 121.77351341113446
1239 102.65528529101353
1240 67.57340988410793
1241 57.62140837919076
1242 50.03158475785119
1243 43.553238133314224
1244 37.82950440554366
1245 32.64620991279225
1246 27.815393241522678
1247 23.115853093905752
1248 17.719724934608116
1249 -18.154235192234225
1250 -24.839869895093596
1251 -30.868473432865834
1252 -37.26775294365936
1253 -77.72709212053233
1254 -72.67628224628328
1255 -68.00664246711641
1256 -63.49219106665007
1257 -59.07041637487593
1258 -54.69746673082898
1259 -50.326894592379546
1260 -45.91054918949159
1261 -41.40243628657526
1262 -36.75984333468903
1263 -31.94111691541444
1264 -26.900592734328974
1265 -21.58009278710645
1266 -15.89458414891859
1267 -9.706359945297093
1268 -2.774471400005443
1269 5.377938395437319
1270 16.466206102065392
1271 80.8271423967832
1272 84.55406037913289
1273 89.08052061575489
1274 95.31392365430244
1275 116.79897342069322
1276 92.37136864087014
1277 129.0101208508955
1278 123.61891734080386
1279 74.71738017204748
1280 62.44772877178121
1281 53.434011792848665
1282 46.05652510268026
1283 39.742124456374306
1284 34.149819244934946
1285 29.025737656569753
1286 24.007721571761017
1287 14.80674942592708
1288 -19.116656470812224
1289 -26.08792294169371
1290 -32.01322196727687
1291 -38.29179615437309
1292 -84.91288883300096
1293 -79.26491420441474
1294 -74.23237312998901
1295 -69.44954024437702
1296 -64.8057678697874
1297 -60.24103547818486
1298 -55.706991407888026
1299 -51.158738701874306
1300 -46.55393705569347
1301 -41.8524556738613
1302 -37.01455942103019
1303 -31.997037158288784
1304 -26.74653224903533
1305 -21.18807300960124
1306 -15.202895253673653
1307 -8.573338996965786
1308 -0.7845944551083565
1309 10.038734575879769
1310 70.22140620131455
1311 79.2097525358822
1312 83.38811087644733
1313 88.63766591833412
1314 88.17281617987561
1315 78.69863730390654
1316 80.78864263348294
1317 91.40266980780035
1318 117.66797894228087
1319 67.95913623910738
1320 56.79095480591123
1321 48.25088744837068
1322 41.309231114752656
1323 35.29740945685456
1324 29.89361808794938
1325 24.6373073266995
1326 -11.932126361568898
1327 -21.100737527831267
1328 -27.52714797746595
1329 -33.36665184588961
1330 -39.64623549963937
1331 -92.25585494444074
1332 -85.92623981291645
1333 -80.4740507892929
1334 -75.3889348132983
1335 -70.50810015849845
1336 -65.74948019955896
1337 -61.056361735580566
1338 -56.3817407288703
1339 -51.68354333651992
1340 -46.92259149909423
1341 -42.06051590762328
1342 -37.056475457076566
1343 -31.86175491199207
1344 -26.410392618872585
1345 -20.600705565401608
1346 -14.251691370608084
1347 -6.983433985165332
1348 2.101638295644508
1349 17.342212951749083
1350 73.81803649546622
1351 77.47029071741578
1352 81.84041622946403
1353 72.9208891082148
1354 68.28393142544168
1355 68.94998310812689
1356 71.58735829063572
1357 75.6768786741131
1358 86.36555527427099
1359 60.12599427222467
1360 50.133981178006664
1361 42.453101910535885
1362 35.929327267449025
1363 30.172257446314354
1364 23.901650779363585
1365 -16.192731784281516
1366 -23.204069751439395
1367 -29.177858172618677
1368 -34.95088537109282
1369 -41.37627900593224
1370 -99.72753554803019
1371 -92.65607086350153
1372 -86.74302031467988
1373 -81.33039075744183
1374 -76.20052723524002
1375 -71.24550270600622
1376 -66.39602259331005
1377 -61.59926883870544
1378 -56.81079449623471
1379 -51.99085149253319
1380 -47.10176692683233
1381 -42.104918953614224
1382 -36.95634448500791
1383 -31.59963430630312
1384 -25.953403942478186
1385 -19.888100744432435
1386 -13.185487355859493
1387 -5.463406691037387
1388 4.720515734801061
1389 67.05873629259354
1390 71.14529315090415
1391 75.0968421824461
1392 62.2494440307993
1393 59.47703658679079
1394 59.597703845423105
1395 60.842226601149086
1396 63.02930573505758
1397 71.84724527952001
1398 65.43523879172822
1399 59.792223511252956
1400 42.76852619777278
1401 35.80325706225193
1402 29.690915571916538
1403 16.299043872436986
1404 -17.75811057441367
1405 -24.948124411947234
1406 -30.90031880594653
1407 -36.72587683214756
1408 -43.4534340052723
1409 -107.29310377889
1410 -99.4381425302466
1411 -93.03655794643896
1412 -87.28020894776876
1413 -81.8944320660033
1414 -76.7427181466515
1415 -71.74026315318035
1416 -66.82580585645383
1417 -61.95053292024072
1418 -57.07285121791028
1419 -52.155110871435994
1420 -47.1606191061345
1421 -42.04998668440436
1422 -36.77582877666876
1423 -31.274178094692804
1424 -25.448826465533532
1425 -19.13438125589571
1426 -11.954097902712938
1427 -2.490630882451962
1428 54.49534845185611
1429 64.45998313549326
1430 68.2383224762637
1431 53.27969517868452
1432 51.496418621361144
1433 51.42434839334036
1434 52.07584661120057
1435 53.23603160980218
1436 54.95055316305825
1437 62.118530330198965
1438 53.069880595633364
1439 45.306598487375915
1440 33.83989295050118
1441 28.278956053682975
1442 -12.02418797348011
1443 -20.19664182246948
1444 -26.729110383848198
1445 -32.741925777502374
1446 -38.67954510825138
1447 -45.597214520755095
1448 -114.91507980818716
1449 -106.24908020408894
1450 -99.34355171834626
1451 -93.23675961481048
1452 -87.5946929629757
1453 -82.25000130579778
1454 -77.10020277553772
1455 -72.07370374289594
1456 -67.11586812181939
1457 -62.18226986447301
1458 -57.23467492898654
1459 -52.23789953421477
1460 -47.15655956681124
1461 -41.95084694399632
1462 -36.56985247977022
1463 -30.938316844088632
1464 -24.922036112661466
1465 -18.21467482918582
1466 -9.940067809714101
1467 4.963794835177162
1468 58.141876484095455
1469 61.04705268825771
1470 45.18314671057798
1471 44.07239760209257
1472 43.97480503327135
1473 44.306923046631034
1474 44.90446062776972
1475 45.95559289497939
1476 48.942619324186545
1477 48.60199135965086
1478 41.66489097046614
1479 34.52108188854291
1480 23.27849869164772
1481 -12.829209287936743
1482 -21.235082158728122
1483 -28.358054838764648
1484 -34.874958195655395
1485 -40.960126915673605
1486 -47.89966615116942
1487 -122.55230197678266
1488 -113.06020513997208
1489 -105.64797221584811
1490 -99.19456487759065
1491 -93.30364997318217
1492 -87.77498057602634
1493 -82.48676290446505
1494 -77.35576772490303
1495 -72.32056717267312
1496 -67.33323899627891
1497 -62.354509576486166
1498 -57.350276928960646
1499 -52.288472205904064
1500 -47.13545580849059
1501 -41.85079007111416
1502 -36.37790337414313
1503 -30.62516636840007
1504 -24.42945836956358
1505 -17.499966973961982
1506 -8.583215772418967
1507 50.79417027647213
1508 51.73227301962712
1509 37.668328707700496
1510 37.10371966607616
1511 37.04242888626203
1512 37.19114644449293
1513 37.43258224678264
1514 37.73361564833555
1515 38.0259835253424
1516 44.74916381393994
1517 37.93808339793556
1518 31.141879330912516
1519 0.6289578057476537
1520 -23.490397519273447
1521 -23.204698434237194
1522 -30.63042813373686
1523 -37.98550913441191
1524 -43.980373492696664
1525 -50.82304588451181
1526 -130.15470091528914
1527 -119.83753408166422
1528 -111.93164369915031
1529 -105.14799719214133
1530 -99.02484655749888
1531 -93.3274468617936
1532 -87.91363886224154
1533 -82.68783978833123
1534 -77.58137357526844
1535 -72.54255086147246
1536 -67.53086148838578
1537 -62.513000461015274
1538 -57.459609167063604
1539 -52.34196326193868
1540 -47.12773955643459
1541 -41.77444625195329
1542 -36.21773024991445
1543 -30.345706733755332
1544 -23.901353279772696
1545 -15.868282108041072
1546 39.434105835477155
1547 32.93624831935791
1548 30.772777240013927
1549 30.51351150940428
1550 30.499189139794403
1551 30.53523432407618
1552 30.531425541788057
1553 30.432230276320755
1554 30.277150422547194
1555 30.290417650221432
1556 33.34344512398865
1557 27.42468739101022
1558 -23.250851923432048
1559 -31.016328283775497
1560 -36.65581990488896
1561 -43.42707206509315
1562 -47.81740187277387
1563 -48.779459431977635
1564 -55.0631347900947
1565 -137.65042823614533
1566 -126.5427026692577
1567 -118.17829304201024
1568 -111.09579536328269
1569 -104.76735810303447
1570 -98.92326201406463
1571 -93.40071210674321
1572 -88.09174058589879
1573 -82.92056938120881
1574 -77.83196370020681
1575 -72.78435555382332
1576 -67.74523383571409
1577 -62.68757751505942
1578 -57.5865235414716
1579 -52.41543257031942
1580 -47.13996225012022
1581 -41.706644392806616
1582 -36.013510351926016
1583 -29.809858120494606
1584 -22.27835121544423
1585 -7.349812242926369
1586 22.699775401312657
1587 23.960509881680082
1588 24.16274796898515
1589 24.24320017501267
1590 24.21669717005355
1591 24.044668275545103
1592 23.67769545210321
1593 23.04313534617001
1594 21.91227752612702
1595 22.271378733332373
1596 21.55953857228881
1597 -28.93922698698071
1598 -36.54465174922294
1599 -42.84908307605486
1600 -49.179739980468
1601 -55.82439339501221
1602 -63.99533433769869
1603 -66.7324311069773
1604 -144.94660381145218
1605 -133.14294880111729
1606 -124.38107933505344
1607 -117.04739580089135
1608 -110.55142481654468
1609 -104.58933999188875
1610 -98.97836276027316
1611 -93.59894657687931
1612 -88.36910204311539
1613 -83.23088765652629
1614 -78.14234709175157
1615 -73.07216577886322
1616 -67.9956839495426
1617 -62.89135193290455
1618 -57.73670232259243
1619 -52.50238069180209
1620 -47.141121449801126
1621 -41.564478773467656
1622 -35.59396303245201
1623 -28.874606118256818
1624 -20.03184998064483
1625 15.932387732934247
1626 17.5432185648469
1627 18.047559519157815
1628 18.215037200592164
1629 18.1452005689229
1630 17.84688386884095
1631 17.286180499578244
1632 16.390004046154594
1633 15.027312335781183
1634 12.700537624586264
1635 -12.559549082572758
1636 -32.196177901777965
1637 -40.929782904821685
1638 -47.69523519739743
1639 -53.939470804517086
1640 -60.28844276878455
1641 -67.21288569024132
1642 -75.13954048276483
1643 -152.0132974450342
1644 -139.6312229608598
1645 -130.55320518942565
1646 -123.03159448837545
1647 -116.41617985012672
1648 -110.3704629192765
1649 -104.69334198581696
1650 -99.25556849119855
1651 -93.97077653001183
1652 -88.77991012035046
1653 -83.64187420338992
1654 -78.52743488390796
1655 -73.41482215772083
1656 -68.2859671212951
1657 -63.12234252118006
1658 -57.89895126988914
1659 -52.57365287747391
1660 -47.06526744931717
1661 -41.20107369486229
1662 -34.54851806360116
1663 -25.45100589765278
1664 10.61669293079649
1665 11.598995533954986
1666 12.189731451233992
1667 12.364183515448472
1668 12.23553207944079
1669 11.828025067464642
1670 11.116926747726632
1671 10.039094712664973
1672 8.473007847273754
1673 6.016738177424771
1674 -18.099075453805295
1675 -36.82496597865748
1676 -45.5575927742676
1677 -52.369760934380054
1678 -58.51820987330311
1679 -64.58623046403332
1680 -70.98318771544196
1681 -78.49997945495991
1682 -158.8867586146694
1683 -146.03401781869582
1684 -136.73944900956997
1685 -129.10863707785083
1686 -122.43097012033766
1687 -116.33930841271582
1688 -110.61740519523006
1689 -105.12969527397644
1690 -99.7884860614185
1691 -94.53607849393596
1692 -89.33409179779022
1693 -84.15671147413333
1694 -78.98606474661466
1695 -73.80842776824596
1696 -68.61010233754813
1697 -63.37154018173934
1698 -58.057006413560664
1699 -52.59225361978982
1700 -46.80083471853653
1701 -40.13390562465486
1702 -28.540472056187593
1703 -6.980707898599952
1704 5.907323410740924
1705 6.467626633741403
1706 6.574981266120914
1707 6.377271623747814
1708 5.867108775097731
1709 5.014854586675114
1710 3.75344948211048
1711 1.836609591837728
1712 -2.113101075779346
1713 -34.87840580830365
1714 -42.368813970627414
1715 -50.775359443330686
1716 -57.34905611291046
1717 -63.27868771540952
1718 -69.11374031409264
1719 -75.30468193361769
1720 -82.799612690518
1721 -165.5738476121559
1722 -152.4167566928793
1723 -143.03449144635596
1724 -135.39006466223205
1725 -128.71373504512803
1726 -122.6125948844244
1727 -116.86125813976943
1728 -111.32342237122838
1729 -105.914640758214
1730 -100.58199387749049
1731 -95.29216844486001
1732 -90.02435934098207
1733 -84.76587512499977
1734 -79.5087352798463
1735 -74.24587281690445
1736 -68.96568077821183
1737 -63.642805073499375
1738 -58.220080474970416
1739 -52.5679004051732
1740 -46.37024991738011
1741 -36.43309180073034
1742 -20.66821096644749
1743 -0.05120583678393492
1744 0.4983756229020426
1745 0.6423813970642042
1746 0.43072059703861537
1747 -0.17227923015476726
1748 -1.1931242413216177
1749 -2.675245365575353
1750 -4.872297435979135
1751 -32.932326086261874
1752 -43.53133058562211
1753 -46.08654826252887
1754 -56.584724874472265
1755 -62.845096883560515
1756 -68.410512709704
1757 -73.97973498950284
1758 -80.02372411744012
1759 -87.60674642961875
1760 -172.16839722639827
1761 -158.9257227901448
1762 -149.6231450471062
1763 -142.07635887361695
1764 -135.4643664560412
1765 -129.38020535866397
1766 -123.60007585472295
1767 -117.99537576450298
1768 -112.49122578703115
1769 -107.0438538796083
1770 -101.62755448631503
1771 -96.22783958304021
1772 -90.83829100751319
1773 -85.45836088918635
1774 -80.09019599374723
1775 -74.73372853545213
1776 -69.37874227065838
1777 -63.98914517013716
1778 -58.46250904518747
1779 -52.46379819991906
1780 -39.601621922195584
1781 -29.59517699756098
1782 -8.081999200900125
1783 -6.223871677869077
1784 -5.628561721181306
1785 -5.744358399863637
1786 -6.430451876055256
1787 -7.70810397614745
1788 -9.686648535432171
1789 -12.681063270312949
1790 -47.596692997773665
1791 -51.913859626106735
1792 -56.04186552936887
1793 -63.202029322020756
1794 -68.93413150727707
1795 -74.0376694974603
1796 -79.25318820769155
1797 -85.11739763192539
1798 -92.84311122987745
1799 -178.88202039558675
1800 -165.8793130242176
1801 -156.86986806504999
1802 -149.53636766883022
1803 -143.03409738368438
1804 -136.96677236434937
1805 -131.12899664240692
1806 -125.4109466429064
1807 -119.75547625552856
1808 -114.13342706047314
1809 -108.52880623108021
1810 -102.93313677109107
1811 -97.34614473476684
1812 -91.77651496093738
1813 -86.23908900762346
1814 -80.75012849489117
1815 -75.32125503540847
1816 -69.94874386733834
1817 -64.57543954919018
1818 -58.91685250237003
1819 -41.193249224503916
1820 -36.773956300942366
1821 -31.746391014165884
1822 -13.580151031148677
1823 -12.332380543091869
1824 -12.298498041301016
1825 -13.052069882506546
1826 -14.662160289453201
1827 -17.716367194569344
1828 -26.404502048744412
1829 -56.00243466197175
1830 -59.438291258099156
1831 -63.42465499335094
1832 -68.68975891943566
1833 -76.01265024643692
1834 -80.39840881463088
1835 -85.04421344751493
1836 -90.63657702221684
1837 -98.48692638451105
1838 -186.29470189728465
1839 -174.02166175554765
1840 -165.5501785385996
1841 -158.50997186689386
1842 -152.10646967052102
1843 -145.9980085366942
1844 -140.01759742054762
1845 -134.08450782357994
1846 -128.17037923952225
1847 -122.26904775251668
1848 -116.37487744872479
1849 -110.47951103866747
1850 -104.58470577196033
1851 -98.71134698343684
1852 -92.89212484604705
1853 -87.16604075370813
1854 -81.57247509820466
1855 -76.15577718919033
1856 -70.97179865771143
1857 -65.98531701661123
1858 -48.22860194619093
1859 -44.07114275664502
1860 -43.519310651131654
1861 -21.620828432305284
1862 -19.803297309921387
1863 -19.521903931524516
1864 -20.29782648860674
1865 -22.20245839825007
1866 -25.889446665169537
1867 -59.7431103106354
1868 -62.986368360795666
1869 -66.28284874053435
1870 -70.25246097110919
1871 -75.6321781407141
1872 -88.06113013789083
1873 -87.69806247086696
1874 -91.56332761769312
1875 -96.76865413837648
1876 -104.62517483842889
1877 -196.32794476871166
1878 -185.4977440817675
1879 -177.72569303085777
1880 -170.89907760008563
1881 -164.4319762890731
1882 -158.0955617164338
1883 -151.76723610481443
1884 -145.38743543622985
1885 -138.9840338592352
1886 -132.59471510084572
1887 -126.22252729229372
1888 -119.83234213727287
1889 -113.4056078781789
1890 -106.99591201932688
1891 -100.65668627582268
1892 -94.46798127987202
1893 -88.49583072432739
1894 -82.80872416548436
1895 -77.59889071063228
1896 -73.22143356255498
1897 -55.9208511856149
1898 -51.920300805984276
1899 -51.39002316276858
1900 -33.277054067046976
1901 -29.024700094461497
1902 -28.18022761101648
1903 -28.94940066392733
1904 -31.33286981927924
1905 -36.53724621904548
1906 -68.42994010471593
1907 -70.10610852960211
1908 -73.12989093518993
1909 -77.04459677027118
1910 -82.15241595794872
1911 -89.58228555307912
1912 -96.67710311242124
1913 -99.45876675248253
1914 -104.18138811004488
1915 -111.99778232532078
1916 -249.67666836938528
1917 -240.28779540026088
1918 -231.34790867761373
1919 -222.58841077305124
1920 -214.0168376334188
1921 -205.5497606195837
1922 -196.9625116124081
1923 -187.69740132593606
1924 -178.45541360371735
1925 -169.48821629000187
1926 -160.84599121176657
1927 -152.12556002036268
1928 -142.6979246404965
1929 -133.47350964913656
1930 -124.06580206617788
1931 -115.11550175215025
1932 -106.75780571667352
1933 -98.54778198907202
1934 -90.67408748947099
1935 -84.25876271748797
1936 -73.22057296629747
1937 -69.37941934185739
1938 -68.05855143514744
1939 -66.71872095978462
1940 -56.54473031910047
1941 -56.81502859942599
1942 -57.81220001787936
1943 -59.58396112119603
1944 -68.94368235678496
1945 -81.25105653135559
1946 -84.30381971307202
1947 -87.95157675311883
1948 -92.74310943134654
1949 -98.7931703576788
1950 -106.20702837026435
1951 -125.29784250524189
1952 -121.45346227135016
1953 -129.33556921888476
1954 -138.49807326404616
1955 -90.00362863706765
1956 -96.56594650748968
1957 -86.64994943527806
1958 133.37127797945752
1959 -93.20729156745969
1960 -90.35292132890997
1961 -74.80142738217297
1962 -33.71441525618485
1963 -139.05376666236592
1964 -84.80347077801761
1965 8.992026229722725
1966 -86.90841845784095
1967 -43.19771961864671
1968 63.51961475214372
1969 47.36321522718844
1970 -34.32697429861638
1971 -54.15669437999647
1972 -78.50342335710371
1973 -1.8674470874414608
1974 72.02965031293932
1975 87.09402931572204
1976 108.85935359014542
1977 4.82062386506875
1978 -127.5449693949244
1979 -82.8387925190988
1980 -7.142308102302539
1981 104.02625921864244
1982 98.29896601958487
1983 9.079955001096053
1984 -76.29345492976684
