-379.257 
-50.9465 
-65.9465 
-379.257 
-379.257 
-379.257 
-379.257 
-140.947 
-379.257 
-379.257 
-379.257 
-200.947 
-215.947 
-230.947 
-245.947 
-260.947 
-275.947 
-290.947 
-305.947 
-306.314 
-307.414 
-309.238 
-311.774 
-315.005 
-318.91 
-323.463 
-328.639 
-75.0019 
-90.075 
-379.257 
-105.221 
-120.412 
-135.634 
-150.877 
-166.134 
-173.738 
-181.404 
-196.682 
379.257 
379.257 
379.257 
379.257 
379.257 
379.257 
379.257 
379.257 
379.257 
379.257 
379.257 
379.257 
379.257 
379.257 
379.257 
379.257 
379.257 
-379.257 
-379.257 
-379.257 
-379.257 
-379.257 
-379.257 
-379.257 
-379.257 
-53.1088 
-379.257 
-379.257 
-379.257 
-379.257 
-379.257 
-379.257 
-156.666 
-379.257 
-186.551 
-379.257 
-379.257 
-231.433 
-379.257 
-379.257 
-379.257 
-379.257 
-379.257 
-379.257 
-379.257 
-379.257 
-379.257 
-379.257 
-114.931 
-129.47 
-144.104 
-379.257 
-379.257 
-379.257 
-203.174 
-379.257 
-379.257 
-379.257 
-262.665 
-379.257 
-379.257 
-49.6362 
-379.257 
-379.257 
-379.257 
-379.257 
-379.257 
-379.257 
-379.257 
-379.257 
-379.257 
-379.257 
-379.257 
-379.257 
-379.257 
-379.257 
-379.257 
-379.257 
-379.257 
-379.257 
-379.257 
-379.257 
-379.257 
-379.257 
-379.257 
-379.257 
-379.257 
-379.257 
-379.257 
-379.257 
-379.257 
-379.257 
-379.257 
-379.257 
-379.257 
-379.257 
-379.257 
-379.257 
-379.257 
-379.257 
-379.257 
-379.257 
-379.257 
-379.257 
-379.257 
-379.257 
-379.257 
-379.257 
-379.257 
-379.257 
-379.257 
-379.257 
-379.257 
-379.257 
-379.257 
-379.257 
-379.257 
-379.257 
-379.257 
-379.257 
-379.257 
-379.257 
-379.257 
-379.257 
-379.257 
-379.257 
-379.257 
-379.257 
-379.257 
-379.257 
-379.257 
-379.257 
-379.257 
-379.257 
-379.257 
-379.257 
-379.257 
-379.257 
-379.257 
-379.257 
-379.257 
-379.257 
-379.257 
-379.257 
-379.257 
-379.257 
-379.257 
-379.257 
-379.257 
-379.257 
-379.257 
-379.257 
-379.257 
-379.257 
-379.257 
-379.257 
-379.257 
-379.257 
-379.257 
-379.257 
-379.257 
-379.257 
-379.257 
-379.257 
-153.642 
-163.429 
-173.961 
-185.111 
-196.772 
-208.861 
-379.257 
-379.257 
-379.257 
-379.257 
-379.257 
-379.257 
-379.257 
-379.257 
-379.257 
-379.257 
-379.257 
-379.257 
-379.257 
-379.257 
-379.257 
-379.257 
-379.257 
-379.257 
-379.257 
-379.257 
-379.257 
-379.257 
-379.257 
-379.257 
-379.257 
-379.257 
-320.741 
-379.257 
-379.257 
-379.257 
-379.257 
-379.257 
-379.257 
-379.257 
-379.257 
-379.257 
-379.257 
-379.257 
-238.906 
-250.758 
-379.257 
-275.384 
-288.079 
-300.987 
-314.08 
-327.338 
-166.324 
-168.87 
-172.686 
-177.691 
-183.786 
-190.868 
-198.832 
-379.257 
-217.004 
-227.034 
-237.587 
-248.598 
-260.009 
-271.768 
-283.833 
-296.167 
-379.257 
-379.257 
-379.257 
-379.257 
-379.257 
-379.257 
-379.257 
-379.257 
-379.257 
-379.257 
-379.257 
-379.257 
-258.797 
-269.777 
-281.128 
-292.808 
-304.778 
-317.006 
-198.286 
-201.545 
-205.849 
-211.133 
-217.326 
-224.353 
-232.137 
-240.605 
-249.688 
-259.322 
-269.446 
-280.008 
-290.96 
-302.26 
-379.257 
-325.758 
-213.054 
-216.092 
-379.257 
-379.257 
-379.257 
-379.257 
-379.257 
-379.257 
-379.257 
-379.257 
-379.257 
-379.257 
-379.257 
-379.257 
-379.257 
-227.853 
-379.257 
-379.257 
-379.257 
-379.257 
-379.257 
-379.257 
-379.257 
-379.257 
-379.257 
-379.257 
-379.257 
-379.257 
-379.257 
379.257 
-379.257 
-379.257 
-379.257 
-379.257 
-379.257 
-379.257 
-379.257 
-379.257 
-379.257 
-303.605 
-379.257 
-379.257 
379.257 
379.257 
-379.257 
-379.257 
-379.257 
-379.257 
-379.257 
-379.257 
-379.257 
-379.257 
-379.257 
-379.257 
379.257 
379.257 
379.257 
-379.257 
-379.257 
-379.257 
-379.257 
-379.257 
-379.257 
-379.257 
-379.257 
-379.257 
379.257 
379.257 
379.257 
-379.257 
-379.257 
-379.257 
-379.257 
-379.257 
-379.257 
-379.257 
379.257 
379.257 
379.257 
379.257 
-379.257 
-379.257 
-379.257 
-379.257 
-379.257 
379.257 
379.257 
379.257 
379.257 
379.257 
379.257 
-379.257 
-379.257 
379.257 
379.257 
379.257 
379.257 
379.257 
379.257 
379.257 
379.257 
379.257 
379.257 
367.27 
379.257 
379.257 
379.257 
379.257 
379.257 
-379.257 
-379.257 
-379.257 
-379.257 
-379.257 
-379.257 
-379.257 
-379.257 
-379.257 
379.257 
379.257 
379.257 
379.257 
379.257 
379.257 
379.257 
379.257 
379.257 
379.257 
379.257 
379.257 
379.257 
379.257 
379.257 
379.257 
-379.257 
-379.257 
-379.257 
-379.257 
-379.257 
-379.257 
379.257 
379.257 
379.257 
379.257 
379.257 
379.257 
379.257 
379.257 
379.257 
